500 
0,2.3: 1 2 3 5 6 8 11 12 13 18 24 28 30 32 34 40 44 48 53 56 61 68 73 78 89 94 96 97 109 112 115 117 118 119 120 122 145 147 154 168 187 188 189 206 218 250 253 264 273 316 324 326 335 342 352 361 362 366 373 375 381 418 452 
1,1.9: 0 4 9 10 21 45 79 91 93 102 124 153 160 182 194 200 204 214 257 258 281 291 332 405 446 
2,1.3: 0 15 41 219 225 317 363 488 
3,0.9: 0 184 217 246 
4,1.5: 1 16 22 86 95 213 248 249 259 295 319 400 485 
5,1.5: 0 52 55 77 82 186 195 201 284 341 351 388 449 
6,1.1: 0 7 108 181 438 470 
7,0.8: 6 38 174 
8,1.2: 0 69 99 142 192 299 394 
9,1.2: 1 17 100 106 155 202 359 
10,0.6: 1 169 
11,1.8: 0 14 26 36 47 67 72 88 101 105 107 123 150 158 164 170 224 315 329 334 386 402 440 481 
12,0.2: 0 
13,1.5: 0 19 64 81 103 114 203 205 220 304 309 426 463 
14,1.3: 11 35 177 199 305 358 377 408 
15,1.1: 2 23 25 372 406 498 
16,0.9: 4 33 66 247 
17,0.6: 9 223 
18,1.4: 0 20 60 87 136 172 306 314 330 409 439 
19,0.9: 13 31 191 270 
20,1.2: 18 37 57 159 165 229 280 
21,1.3: 1 39 51 151 286 296 340 462 
22,0.6: 4 378 
23,1.3: 15 27 65 90 128 283 313 414 461 
24,0.9: 0 29 43 473 
25,0.2: 15 
26,0.2: 11 
27,0.9: 23 175 185 260 
28,0.6: 0 58 
29,1.2: 24 62 110 125 132 392 434 
30,0.2: 0 
31,0.9: 19 113 301 385 
32,0.9: 0 126 251 320 
33,0.6: 16 42 
34,0.8: 0 413 423 
35,0.6: 14 49 
36,0.8: 11 290 328 
37,1.2: 20 46 74 144 374 417 442 
38,1.2: 7 75 129 163 178 235 354 
39,0.2: 21 
40,1.1: 0 140 162 193 322 
41,1.3: 2 54 116 130 167 368 437 497 
42,0.2: 33 
43,0.2: 24 
44,0.6: 0 50 
45,1.1: 1 146 227 420 456 
46,0.2: 37 
47,0.8: 11 266 410 
48,0.2: 0 
49,0.9: 35 63 216 428 
50,0.9: 44 59 71 415 
51,0.8: 21 70 111 
52,0.8: 5 80 135 
53,0.6: 0 211 
54,1.1: 41 84 137 278 285 
55,0.2: 5 
56,0.6: 0 180 
57,0.2: 20 
58,0.8: 28 207 300 
59,0.6: 50 327 
60,0.6: 18 240 
61,0.2: 0 
62,0.2: 29 
63,0.2: 49 
64,0.2: 13 
65,1.3: 23 83 104 143 179 231 289 356 
66,1.1: 16 183 197 234 384 453 
67,0.9: 11 134 294 350 
68,0.6: 0 325 
69,0.8: 8 293 432 
70,0.2: 51 
71,0.2: 50 
72,0.9: 11 76 210 244 
73,0.6: 0 472 
74,0.2: 37 
75,0.2: 38 
76,0.8: 72 92 149 
77,0.2: 5 
78,0.2: 0 
79,1.1: 1 157 166 176 232 397 
80,0.2: 52 
81,1.3: 13 85 98 215 343 435 468 478 
82,0.2: 5 
83,0.6: 65 310 
84,0.9: 54 148 312 396 
85,0.2: 81 
86,0.2: 4 
87,0.8: 18 121 380 
88,0.2: 11 
89,0.2: 0 
90,0.2: 23 
91,0.6: 1 268 
92,0.2: 76 
93,0.2: 1 
94,0.2: 0 
95,1.1: 4 138 242 277 475 
96,0.2: 0 
97,0.2: 0 
98,0.6: 81 241 
99,1.2: 8 279 292 353 376 416 443 
100,0.2: 9 
101,0.2: 11 
102,0.6: 1 450 
103,0.6: 13 139 
104,0.6: 65 171 
105,0.8: 11 196 311 
106,0.8: 9 152 256 
107,0.2: 11 
108,0.2: 6 
109,0.2: 0 
110,0.9: 29 141 212 371 
111,1.1: 51 238 243 274 321 
112,0.6: 0 429 
113,0.6: 31 287 
114,0.6: 13 393 
115,0.2: 0 
116,0.2: 41 
117,0.2: 0 
118,0.2: 0 
119,0.2: 0 
120,0.2: 0 
121,0.9: 87 161 228 288 
122,0.8: 0 131 308 
123,0.2: 11 
124,1.1: 1 133 221 267 401 469 
125,0.8: 29 127 252 
126,0.2: 32 
127,0.8: 125 346 398 
128,0.8: 23 208 459 
129,0.2: 38 
130,0.2: 41 
131,0.2: 122 
132,1.1: 29 263 298 447 455 
133,0.2: 124 
134,0.2: 67 
135,0.2: 52 
136,0.2: 18 
137,0.2: 54 
138,0.2: 95 
139,0.2: 103 
140,0.2: 40 
141,0.9: 110 156 237 391 
142,0.2: 8 
143,0.8: 65 297 404 
144,0.2: 37 
145,0.2: 0 
146,0.2: 45 
147,0.6: 0 355 
148,0.2: 84 
149,0.6: 76 173 
150,0.2: 11 
151,0.8: 21 261 425 
152,0.2: 106 
153,0.6: 1 198 
154,0.2: 0 
155,0.6: 9 222 
156,0.2: 141 
157,0.2: 79 
158,0.2: 11 
159,0.6: 20 490 
160,0.2: 1 
161,0.6: 121 345 
162,0.2: 40 
163,0.6: 38 360 
164,0.2: 11 
165,0.2: 20 
166,0.2: 79 
167,0.6: 41 477 
168,0.2: 0 
169,0.9: 10 226 262 337 
170,0.6: 11 441 
171,0.2: 104 
172,0.2: 18 
173,0.6: 149 365 
174,0.2: 7 
175,0.6: 27 190 
176,0.6: 79 445 
177,0.2: 14 
178,0.2: 38 
179,0.9: 65 303 382 436 
180,0.2: 56 
181,0.2: 6 
182,0.2: 1 
183,0.2: 66 
184,0.2: 3 
185,0.2: 27 
186,0.6: 5 457 
187,0.8: 0 276 407 
188,0.2: 0 
189,0.2: 0 
190,0.2: 175 
191,0.2: 19 
192,0.2: 8 
193,0.8: 40 233 333 
194,0.2: 1 
195,0.6: 5 489 
196,0.6: 105 269 
197,0.8: 66 254 344 
198,0.2: 153 
199,0.6: 14 209 
200,0.2: 1 
201,0.2: 5 
202,0.6: 9 272 
203,0.2: 13 
204,0.2: 1 
205,0.2: 13 
206,0.6: 0 275 
207,0.2: 58 
208,0.6: 128 230 
209,0.2: 199 
210,0.6: 72 265 
211,0.8: 53 236 431 
212,0.6: 110 499 
213,0.2: 4 
214,0.2: 1 
215,0.6: 81 494 
216,0.6: 49 444 
217,0.2: 3 
218,0.9: 0 239 357 492 
219,0.2: 2 
220,0.8: 13 421 424 
221,0.2: 124 
222,0.8: 155 271 482 
223,0.2: 17 
224,0.6: 11 331 
225,0.2: 2 
226,0.2: 169 
227,0.2: 45 
228,0.2: 121 
229,0.2: 20 
230,0.2: 208 
231,0.2: 65 
232,0.2: 79 
233,0.9: 193 348 403 486 
234,0.2: 66 
235,0.2: 38 
236,0.8: 211 245 282 
237,0.2: 141 
238,0.2: 111 
239,0.2: 218 
240,0.2: 60 
241,0.2: 98 
242,0.8: 95 255 387 
243,0.2: 111 
244,0.2: 72 
245,0.6: 236 302 
246,0.2: 3 
247,0.2: 16 
248,0.2: 4 
249,0.2: 4 
250,0.2: 0 
251,0.6: 32 458 
252,0.2: 125 
253,0.2: 0 
254,0.2: 197 
255,0.2: 242 
256,0.2: 106 
257,0.6: 1 464 
258,0.6: 1 364 
259,0.2: 4 
260,0.2: 27 
261,0.2: 151 
262,0.2: 169 
263,0.6: 132 307 
264,0.2: 0 
265,0.2: 210 
266,0.2: 47 
267,0.2: 124 
268,0.2: 91 
269,0.2: 196 
270,0.2: 19 
271,0.2: 222 
272,0.2: 202 
273,0.6: 0 395 
274,0.2: 111 
275,0.2: 206 
276,0.2: 187 
277,0.6: 95 496 
278,0.2: 54 
279,0.2: 99 
280,0.2: 20 
281,0.6: 1 369 
282,0.2: 236 
283,0.2: 23 
284,0.2: 5 
285,0.2: 54 
286,0.2: 21 
287,0.2: 113 
288,0.2: 121 
289,0.6: 65 367 
290,0.2: 36 
291,0.2: 1 
292,0.2: 99 
293,0.2: 69 
294,0.2: 67 
295,0.2: 4 
296,0.2: 21 
297,0.2: 143 
298,0.2: 132 
299,0.2: 8 
300,0.2: 58 
301,0.6: 31 427 
302,0.2: 245 
303,0.2: 179 
304,0.2: 13 
305,0.2: 14 
306,0.6: 18 349 
307,0.2: 263 
308,0.8: 122 318 339 
309,0.2: 13 
310,0.2: 83 
311,0.2: 105 
312,0.2: 84 
313,0.2: 23 
314,0.6: 18 336 
315,0.6: 11 347 
316,0.2: 0 
317,0.2: 2 
318,0.2: 308 
319,0.6: 4 323 
320,0.2: 32 
321,0.2: 111 
322,0.2: 40 
323,0.2: 319 
324,0.6: 0 370 
325,0.6: 68 454 
326,0.2: 0 
327,0.2: 59 
328,0.2: 36 
329,0.9: 11 338 412 460 
330,0.2: 18 
331,0.2: 224 
332,0.2: 1 
333,0.6: 193 483 
334,0.2: 11 
335,0.2: 0 
336,0.2: 314 
337,0.2: 169 
338,0.2: 329 
339,0.2: 308 
340,0.2: 21 
341,0.8: 5 390 484 
342,0.2: 0 
343,0.2: 81 
344,0.2: 197 
345,0.2: 161 
346,0.2: 127 
347,0.2: 315 
348,0.2: 233 
349,0.8: 306 476 487 
350,0.6: 67 466 
351,0.2: 5 
352,0.2: 0 
353,0.2: 99 
354,0.2: 38 
355,0.2: 147 
356,0.6: 65 491 
357,0.2: 218 
358,0.2: 14 
359,0.2: 9 
360,0.2: 163 
361,0.2: 0 
362,0.2: 0 
363,0.6: 2 480 
364,0.2: 258 
365,0.2: 173 
366,0.8: 0 379 389 
367,0.6: 289 383 
368,0.6: 41 411 
369,0.6: 281 474 
370,0.2: 324 
371,0.2: 110 
372,0.2: 15 
373,0.2: 0 
374,0.2: 37 
375,0.2: 0 
376,0.2: 99 
377,0.2: 14 
378,0.2: 22 
379,0.6: 366 422 
380,0.2: 87 
381,0.2: 0 
382,0.6: 179 399 
383,0.2: 367 
384,0.2: 66 
385,0.2: 31 
386,0.2: 11 
387,0.2: 242 
388,0.2: 5 
389,0.2: 366 
390,0.6: 341 430 
391,0.2: 141 
392,0.2: 29 
393,0.2: 114 
394,0.6: 8 479 
395,0.2: 273 
396,0.6: 84 419 
397,0.2: 79 
398,0.2: 127 
399,0.2: 382 
400,0.2: 4 
401,0.2: 124 
402,0.2: 11 
403,0.6: 233 433 
404,0.2: 143 
405,0.2: 1 
406,0.2: 15 
407,0.2: 187 
408,0.2: 14 
409,0.2: 18 
410,0.2: 47 
411,0.2: 368 
412,0.2: 329 
413,0.2: 34 
414,0.6: 23 448 
415,0.2: 50 
416,0.2: 99 
417,0.2: 37 
418,0.6: 0 451 
419,0.2: 396 
420,0.2: 45 
421,0.2: 220 
422,0.2: 379 
423,0.2: 34 
424,0.2: 220 
425,0.2: 151 
426,0.2: 13 
427,0.2: 301 
428,0.2: 49 
429,0.2: 112 
430,0.2: 390 
431,0.2: 211 
432,0.6: 69 465 
433,0.2: 403 
434,0.2: 29 
435,0.2: 81 
436,0.2: 179 
437,0.2: 41 
438,0.2: 6 
439,0.2: 18 
440,0.2: 11 
441,0.2: 170 
442,0.2: 37 
443,0.2: 99 
444,0.2: 216 
445,0.2: 176 
446,0.2: 1 
447,0.2: 132 
448,0.6: 414 471 
449,0.2: 5 
450,0.2: 102 
451,0.2: 418 
452,0.2: 0 
453,0.2: 66 
454,0.2: 325 
455,0.2: 132 
456,0.2: 45 
457,0.2: 186 
458,0.6: 251 495 
459,0.2: 128 
460,0.2: 329 
461,0.6: 23 467 
462,0.2: 21 
463,0.2: 13 
464,0.2: 257 
465,0.2: 432 
466,0.2: 350 
467,0.2: 461 
468,0.2: 81 
469,0.2: 124 
470,0.2: 6 
471,0.2: 448 
472,0.2: 73 
473,0.2: 24 
474,0.2: 369 
475,0.2: 95 
476,0.2: 349 
477,0.6: 167 493 
478,0.2: 81 
479,0.2: 394 
480,0.2: 363 
481,0.2: 11 
482,0.2: 222 
483,0.2: 333 
484,0.2: 341 
485,0.2: 4 
486,0.2: 233 
487,0.2: 349 
488,0.2: 2 
489,0.2: 195 
490,0.2: 159 
491,0.2: 356 
492,0.2: 218 
493,0.2: 477 
494,0.2: 215 
495,0.2: 458 
496,0.2: 277 
497,0.2: 41 
498,0.2: 15 
499,0.2: 212 
