235 
0,0.2: 215 
1,1.3: 22 25 42 67 117 149 192 226 
2,0.8: 24 95 220 
3,0.6: 26 58 
4,1.1: 50 53 66 72 169 
5,0.8: 177 198 222 
6,0.6: 74 134 
7,0.6: 109 226 
8,0.2: 192 
9,0.6: 28 57 
10,0.6: 133 213 
11,0.2: 225 
12,0.8: 13 73 118 
13,0.2: 12 
14,1.1: 28 95 167 184 230 
15,1.1: 52 131 181 207 230 
16,0.9: 24 52 124 150 
17,0.6: 71 188 
18,0.2: 197 
19,0.2: 26 
20,0.6: 25 37 
21,0.9: 77 141 186 214 
22,0.2: 1 
23,0.9: 81 83 136 175 
24,0.9: 2 16 149 173 
25,0.8: 1 20 41 
26,0.9: 3 19 141 172 
27,0.6: 79 98 
28,1.1: 9 14 75 80 170 184 
29,0.9: 83 168 177 223 
30,1.1: 84 108 139 182 229 
31,0.9: 114 156 157 162 
32,0.2: 215 
33,0.2: 203 
34,0.6: 62 112 
35,0.6: 184 209 
36,0.2: 114 
37,1.1: 20 133 169 184 228 
38,0.8: 161 201 223 
39,0.6: 111 215 
40,0.2: 61 
41,0.6: 25 129 
42,1.1: 1 51 71 180 184 212 
43,0.8: 63 93 152 
44,0.6: 191 224 
45,0.2: 127 
46,0.6: 162 188 
47,0.6: 139 230 
48,0.9: 77 107 119 229 
49,0.2: 229 
50,0.8: 4 82 154 
51,0.9: 42 66 119 226 
52,0.8: 15 16 125 
53,0.8: 4 77 144 
54,0.9: 58 120 122 185 
55,1.1: 125 141 165 182 205 
56,0.6: 92 115 
57,0.8: 9 131 207 
58,0.9: 3 54 114 149 
59,0.2: 186 
60,0.8: 177 216 226 
61,1.1: 40 140 160 181 200 218 
62,0.6: 34 86 
63,0.6: 43 159 
64,0.9: 74 87 136 184 
65,0.6: 210 223 
66,0.9: 4 51 81 111 
67,0.9: 1 121 164 211 
68,0.2: 92 
69,0.6: 145 198 
70,0.2: 168 
71,0.8: 17 42 148 
72,0.6: 4 176 
73,0.8: 12 86 173 
74,1.3: 6 64 131 189 196 197 227 229 
75,1.1: 28 124 168 177 189 209 
76,0.6: 103 127 
77,0.9: 21 48 53 129 
78,0.6: 122 201 
79,0.8: 27 96 232 
80,0.6: 28 222 
81,0.6: 23 66 
82,0.9: 50 160 165 171 
83,0.9: 23 29 97 137 
84,0.8: 30 102 232 
85,0.9: 91 142 144 189 
86,0.9: 62 73 92 192 
87,0.2: 64 
88,0.2: 104 
89,0.9: 144 150 189 213 
90,0.9: 98 113 218 225 
91,0.9: 85 113 174 187 
92,0.9: 56 68 86 233 
93,0.6: 43 96 
94,0.6: 148 224 
95,0.8: 2 14 198 
96,1.1: 79 93 97 151 208 
97,0.8: 83 96 234 
98,0.6: 27 90 
99,0.2: 171 
100,0.6: 118 142 
101,0.2: 105 
102,0.6: 84 234 
103,1.1: 76 121 135 141 190 
104,0.2: 88 
105,0.6: 101 157 
106,0.2: 137 
107,0.8: 48 118 140 
108,0.8: 30 210 219 
109,0.6: 7 158 
110,0.8: 117 119 230 
111,0.6: 39 66 
112,0.2: 34 
113,0.9: 90 91 177 217 
114,0.9: 31 36 58 200 
115,0.2: 56 
116,0.2: 227 
117,1.1: 1 110 132 135 162 
118,0.9: 12 100 107 200 
119,0.9: 48 51 110 141 
120,0.2: 54 
121,0.8: 67 103 154 
122,0.6: 54 78 
123,0.6: 168 197 
124,1.1: 16 75 139 167 179 218 
125,0.8: 52 55 203 
126,0.6: 208 217 
127,0.6: 45 76 
128,0.2: 206 
129,1.1: 41 77 131 140 166 197 
130,0.2: 136 
131,1.1: 15 57 74 129 138 
132,0.6: 117 168 
133,0.9: 10 37 171 228 
134,0.8: 6 137 151 
135,1.1: 103 117 138 174 209 233 
136,0.9: 23 64 130 202 
137,0.9: 83 106 134 163 
138,0.6: 131 135 
139,0.8: 30 47 124 
140,1.1: 61 107 129 176 202 
141,1.1: 21 26 55 103 119 
142,0.6: 85 100 
143,1.1: 160 191 201 206 210 233 
144,1.1: 53 85 89 169 204 210 
145,0.6: 69 152 
146,0.2: 201 
147,0.6: 164 216 
148,0.6: 71 94 
149,0.8: 1 24 58 
150,0.6: 16 89 
151,1.1: 96 134 157 178 225 
152,0.6: 43 145 
153,0.2: 226 
154,0.9: 50 121 191 201 
155,0.2: 196 
156,0.6: 31 225 
157,1.1: 31 105 151 179 194 
158,0.2: 109 
159,0.2: 63 
160,0.9: 61 82 143 214 
161,0.2: 38 
162,0.8: 31 46 117 
163,0.8: 137 216 233 
164,0.8: 67 147 191 
165,0.9: 55 82 175 204 
166,0.2: 129 
167,0.8: 14 124 191 
168,1.2: 29 70 75 123 132 196 233 
169,0.9: 4 37 144 202 
170,0.9: 28 176 202 230 
171,0.8: 82 99 133 
172,0.2: 26 
173,0.6: 24 73 
174,0.6: 91 135 
175,0.6: 23 165 
176,0.9: 72 140 170 229 
177,1.2: 5 29 60 75 113 179 213 
178,0.8: 151 213 220 
179,0.8: 124 157 177 
180,0.6: 42 198 
181,0.8: 15 61 195 
182,0.8: 30 55 225 
183,0.6: 206 229 
184,1.1: 14 28 35 37 42 64 
185,0.8: 54 194 221 
186,0.8: 21 59 220 
187,0.2: 91 
188,0.6: 17 46 
189,0.9: 74 75 85 89 
190,0.9: 103 195 199 232 
191,1.1: 44 143 154 164 167 
192,0.9: 1 8 86 228 
193,0.2: 212 
194,0.6: 157 185 
195,0.8: 181 190 228 
196,0.9: 74 155 168 221 
197,0.9: 18 74 123 129 
198,0.9: 5 69 95 180 
199,0.2: 190 
200,0.8: 61 114 118 
201,1.1: 38 78 143 146 154 
202,0.9: 136 140 169 170 
203,0.8: 33 125 224 
204,0.6: 144 165 
205,0.2: 55 
206,0.8: 128 143 183 
207,0.8: 15 57 216 
208,0.6: 96 126 
209,0.8: 35 75 135 
210,0.9: 65 108 143 144 
211,0.2: 67 
212,0.6: 42 193 
213,0.9: 10 89 177 178 
214,0.6: 21 160 
215,0.8: 0 32 39 
216,0.9: 60 147 163 207 
217,0.6: 113 126 
218,0.9: 61 90 124 231 
219,0.6: 108 231 
220,0.8: 2 178 186 
221,0.6: 185 196 
222,0.8: 5 80 227 
223,0.8: 29 38 65 
224,0.8: 44 94 203 
225,1.1: 11 90 151 156 182 
226,1.1: 1 7 51 60 153 
227,0.8: 74 116 222 
228,0.9: 37 133 192 195 
229,1.1: 30 48 49 74 176 183 
230,1.1: 14 15 47 110 170 
231,0.6: 218 219 
232,0.8: 79 84 190 
233,1.1: 92 135 143 163 168 
234,0.6: 97 102 
