2344 
0,1.1: 1171 1238 1321 1389 1742 
1,1.1: 573 1025 1321 1631 2157 
2,0.6: 62 368 
3,0.6: 1524 2081 
4,0.2: 1739 
5,0.6: 475 2054 
6,0.9: 282 513 706 2229 
7,0.6: 1051 1846 
8,0.8: 41 1531 1668 
9,0.2: 1693 
10,0.8: 839 2242 2247 
11,1.1: 22 690 728 1426 1884 
12,0.6: 573 1300 
13,1.1: 175 218 1152 1193 2170 
14,0.9: 517 865 1255 2088 
15,1.1: 287 638 642 1066 1629 1693 
16,0.9: 418 792 1614 1756 
17,0.9: 295 459 1350 1623 
18,0.9: 275 380 1145 1240 
19,1.1: 955 1289 1816 1843 1907 2033 
20,0.6: 256 1648 
21,0.6: 395 1239 
22,0.8: 11 1296 2324 
23,0.6: 517 1000 
24,1.1: 71 913 1182 1989 2170 
25,0.6: 1317 2192 
26,0.6: 248 1675 
27,0.2: 517 
28,0.6: 1508 1793 
29,0.6: 838 1469 
30,0.2: 2079 
31,0.8: 850 1192 1815 
32,0.8: 491 575 1875 
33,1.1: 672 916 1037 1654 1673 
34,0.9: 884 1606 1882 2330 
35,0.2: 128 
36,1.1: 416 477 958 1526 2331 
37,0.2: 2313 
38,0.6: 846 855 
39,0.9: 994 1816 1970 2075 
40,0.8: 201 945 1084 
41,0.8: 8 869 1173 
42,0.6: 1248 2187 
43,0.6: 802 1225 
44,0.6: 891 1949 
45,0.6: 185 1726 
46,0.6: 1308 1681 
47,0.6: 959 2318 
48,0.6: 1288 2014 
49,1.1: 222 1450 1511 2099 2223 
50,1.1: 62 426 614 634 918 1733 
51,0.9: 178 468 1524 1542 
52,1.1: 549 1456 1674 1694 1740 
53,0.9: 767 1163 1449 1923 
54,0.6: 314 1316 
55,0.2: 162 
56,0.9: 163 290 443 1712 
57,0.9: 1559 1572 2200 2240 
58,0.8: 800 1632 1652 
59,0.8: 137 1537 1980 
60,0.8: 106 589 2299 
61,0.6: 276 1372 
62,0.9: 2 50 724 1509 
63,0.8: 1982 2042 2235 
64,0.9: 504 1331 1618 1987 
65,0.6: 1175 1723 
66,0.2: 666 
67,0.9: 312 775 1026 1342 
68,0.8: 1447 1524 1889 
69,0.9: 157 645 797 1248 
70,0.6: 1054 2170 
71,1.1: 24 181 1434 1598 1955 2308 
72,1.1: 221 966 1184 1414 1670 2330 
73,0.8: 919 1281 1519 
74,1.1: 218 487 759 1065 1263 1694 
75,0.8: 608 813 1125 
76,0.6: 1483 2226 
77,0.8: 1932 1974 2142 
78,0.8: 425 726 1704 
79,0.8: 688 1774 1869 
80,0.8: 204 883 1549 
81,0.8: 333 381 1114 
82,0.6: 1247 2127 
83,0.8: 459 784 870 
84,0.6: 935 2028 
85,0.8: 1031 1084 1878 
86,0.9: 254 1110 1259 1987 
87,0.9: 702 1089 2096 2232 
88,0.8: 1931 1934 2263 
89,1.1: 673 1267 1464 1686 2008 
90,0.2: 681 
91,1.1: 347 741 799 933 1850 
92,1.1: 559 690 1030 1169 1365 
93,0.9: 308 364 1591 1712 
94,0.6: 243 815 
95,0.8: 872 1458 1775 
96,0.9: 132 629 958 1123 
97,0.8: 386 743 2119 
98,1.1: 1414 1601 1951 2120 2154 
99,0.2: 1394 
100,0.6: 698 1986 
101,0.6: 1036 1082 
102,0.6: 841 2268 
103,0.6: 313 1075 
104,0.6: 235 1188 
105,0.2: 1247 
106,0.8: 60 1364 2341 
107,0.8: 214 1253 2292 
108,0.8: 1179 1474 1838 
109,0.2: 466 
110,0.8: 448 451 874 
111,0.9: 1066 1249 2293 2314 
112,1.2: 236 634 803 840 1048 1754 1983 
113,1.1: 446 459 989 1400 1527 2256 
114,0.2: 1497 
115,0.6: 1746 2180 
116,0.8: 603 1555 1658 
117,0.8: 883 998 1798 
118,1.1: 199 678 981 1454 1843 2251 
119,0.6: 1162 1568 
120,0.6: 466 1555 
121,0.8: 711 818 2075 
122,0.9: 236 258 1576 1636 
123,0.6: 1476 2242 
124,0.2: 555 
125,0.9: 900 919 1347 1688 
126,0.9: 184 312 656 2127 
127,0.6: 1047 2059 
128,0.2: 35 
129,0.2: 643 
130,0.6: 1199 1533 
131,0.8: 1017 1283 1432 
132,0.8: 96 446 2195 
133,0.9: 731 761 1156 1797 
134,0.8: 430 1041 1060 
135,0.8: 283 305 914 
136,0.2: 1534 
137,0.9: 59 1593 1758 2249 
138,0.6: 1177 2043 
139,1.1: 532 631 669 1094 1127 2277 
140,1.1: 296 1340 1399 1958 2019 2230 
141,1.1: 1075 1329 1404 1604 1606 2018 
142,0.9: 469 1212 1479 1660 
143,0.9: 298 870 1308 2302 
144,0.2: 367 
145,0.9: 424 789 1126 1251 
146,0.9: 158 485 650 1156 
147,0.6: 1059 1660 
148,0.9: 811 1138 1674 2307 
149,0.8: 212 617 2194 
150,0.2: 746 
151,0.9: 599 913 1196 1410 
152,0.2: 2269 
153,1.1: 731 739 1784 1877 1878 
154,0.8: 1237 1279 1705 
155,1.1: 800 1441 1446 1654 1988 
156,0.9: 235 1144 1363 1897 
157,0.2: 69 
158,1.1: 146 539 970 1469 1803 
159,0.9: 500 778 1145 1188 
160,0.2: 1812 
161,0.6: 1051 2029 
162,0.8: 55 1026 2074 
163,0.8: 56 781 1687 
164,0.8: 1890 2106 2194 
165,0.6: 1972 2172 
166,0.2: 1642 
167,0.2: 1790 
168,0.6: 279 817 
169,1.1: 668 778 843 863 1448 2180 
170,0.8: 698 866 1435 
171,0.6: 604 833 
172,0.8: 615 861 1254 
173,0.6: 462 658 
174,0.2: 1704 
175,1.1: 13 820 1393 1936 2241 
176,0.8: 189 194 1073 
177,0.2: 1991 
178,0.6: 51 933 
179,0.8: 537 1450 1642 
180,0.2: 605 
181,1.1: 71 482 1843 2072 2208 
182,0.2: 246 
183,0.2: 1231 
184,0.6: 126 1734 
185,0.2: 45 
186,0.9: 526 620 866 1892 
187,0.9: 1161 1802 1814 2005 
188,0.6: 952 1618 
189,0.8: 176 1325 1398 
190,0.2: 1605 
191,1.1: 366 699 1404 1910 2155 
192,0.6: 675 1623 
193,0.8: 765 990 1265 
194,0.8: 176 367 1003 
195,0.6: 377 1594 
196,0.2: 2174 
197,0.6: 1008 1477 
198,0.8: 1365 1369 2332 
199,1.1: 118 900 969 1206 2260 2290 
200,0.2: 1260 
201,0.2: 40 
202,0.6: 272 488 
203,0.8: 413 504 675 
204,0.8: 80 405 1683 
205,0.2: 1880 
206,0.6: 413 812 
207,0.8: 1354 1365 1721 
208,0.6: 1276 2129 
209,0.9: 656 744 1132 1606 
210,0.6: 273 537 
211,0.9: 504 632 677 835 
212,0.2: 149 
213,0.8: 279 961 1928 
214,0.6: 107 1024 
215,0.8: 737 1431 2143 
216,0.6: 561 2029 
217,0.8: 911 1079 1237 
218,1.1: 13 74 1217 1635 1817 2223 
219,0.2: 247 
220,0.6: 1730 2066 
221,1.1: 72 832 1715 1737 2071 
222,1.2: 49 714 983 1164 1183 1424 2332 
223,0.2: 1479 
224,0.6: 1087 1286 
225,1.2: 362 898 1237 1317 1465 1605 1720 
226,0.2: 1348 
227,0.9: 1188 1666 1670 2007 
228,0.8: 292 1276 1322 
229,0.2: 548 
230,0.6: 398 1168 
231,0.9: 1788 1821 1842 1967 
232,0.2: 2144 
233,0.6: 1255 1911 
234,0.6: 483 1734 
235,1.1: 104 156 702 1168 1854 1991 
236,0.8: 112 122 1822 
237,0.9: 348 352 1451 2072 
238,0.2: 1368 
239,0.2: 1394 
240,0.6: 440 1454 
241,0.8: 591 1173 2169 
242,0.2: 1136 
243,0.9: 94 352 1297 2157 
244,0.6: 530 578 
245,0.8: 582 664 1680 
246,0.6: 182 613 
247,1.1: 219 524 807 1008 1473 2001 
248,0.8: 26 970 1509 
249,0.8: 575 578 1046 
250,0.2: 1163 
251,0.8: 876 1873 2091 
252,1.1: 278 1021 1558 1699 1964 
253,0.2: 322 
254,0.9: 86 392 755 1516 
255,0.8: 361 926 1996 
256,0.6: 20 1333 
257,0.9: 837 1239 1566 1681 
258,0.9: 122 1128 1384 2315 
259,0.2: 1797 
260,0.2: 441 
261,0.6: 865 1416 
262,1.1: 609 678 715 1244 2146 2181 
263,0.2: 1624 
264,0.2: 1776 
265,0.9: 680 1664 2178 2253 
266,0.2: 1256 
267,0.2: 1167 
268,0.6: 531 2274 
269,0.2: 2249 
270,0.6: 991 1793 
271,0.2: 414 
272,0.6: 202 1452 
273,1.1: 210 1260 1534 1949 2080 
274,0.8: 704 897 1129 
275,0.8: 18 432 736 
276,1.1: 61 368 1973 2092 2170 
277,0.2: 2221 
278,1.1: 252 722 809 1072 1268 2205 
279,0.8: 168 213 1260 
280,0.2: 1837 
281,0.6: 2049 2165 
282,1.2: 6 527 728 806 836 1044 1548 
283,0.8: 135 1266 1849 
284,0.6: 1739 2139 
285,0.2: 2074 
286,0.8: 357 1866 2066 
287,1.1: 15 443 1014 1197 1311 2130 
288,0.2: 816 
289,1.1: 757 927 936 1599 1694 2002 
290,0.6: 56 929 
291,0.6: 831 1998 
292,0.9: 228 465 1967 1993 
293,0.9: 1048 1504 2164 2319 
294,0.2: 1497 
295,0.2: 17 
296,1.1: 140 852 1595 2142 2264 
297,0.6: 1934 2153 
298,1.2: 143 770 958 1107 1363 1508 2127 
299,0.6: 1266 1453 
300,0.8: 665 1412 1623 
301,0.6: 740 822 
302,0.6: 748 2195 
303,1.1: 642 1091 1119 1343 1374 
304,0.2: 716 
305,1.1: 135 421 1635 1667 1867 2284 
306,0.8: 594 1031 1804 
307,0.6: 1032 2104 
308,0.8: 93 970 1607 
309,1.1: 657 852 914 937 1193 2020 
310,0.2: 2313 
311,1.1: 631 662 1017 1298 1513 2240 
312,0.9: 67 126 1198 2257 
313,1.2: 103 435 935 1202 1312 1328 1935 
314,0.8: 54 819 1379 
315,0.6: 958 2055 
316,0.6: 739 959 
317,0.2: 2092 
318,0.6: 1103 1982 
319,1.1: 780 1046 1151 1247 1374 1449 
320,0.6: 1414 1530 
321,0.6: 1346 1993 
322,0.8: 253 802 2225 
323,0.2: 1562 
324,0.6: 360 629 
325,0.9: 650 1133 2072 2302 
326,0.9: 639 827 1148 2159 
327,0.2: 1484 
328,0.9: 408 1142 1851 1937 
329,0.2: 2332 
330,1.3: 730 865 1139 1304 1415 1532 1652 2328 
331,0.2: 2054 
332,0.6: 412 578 
333,0.8: 81 1368 2018 
334,0.6: 584 2188 
335,0.6: 881 1414 
336,0.9: 486 807 846 2281 
337,1.1: 1145 1153 1176 1437 1546 2177 
338,1.1: 341 730 1070 1926 1934 
339,1.1: 1221 1786 1837 1978 2036 2136 
340,0.6: 1218 1362 
341,1.1: 338 444 642 1361 1618 
342,0.8: 867 1162 1773 
343,0.2: 525 
344,0.6: 875 2063 
345,0.8: 393 1171 1983 
346,0.6: 760 1342 
347,0.8: 91 1906 2320 
348,1.1: 237 441 1138 1411 2115 2287 
349,0.6: 998 2211 
350,0.2: 2140 
351,0.2: 524 
352,0.8: 237 243 1984 
353,0.2: 978 
354,0.6: 1001 1165 
355,0.2: 1079 
356,0.8: 497 924 1443 
357,0.6: 286 2052 
358,0.8: 418 721 842 
359,0.9: 820 1612 2283 2286 
360,1.1: 324 574 592 819 1238 1403 
361,0.9: 255 1355 1761 1835 
362,0.9: 225 1126 1483 1758 
363,0.6: 1101 1910 
364,0.6: 93 789 
365,0.9: 1203 1382 1766 2166 
366,0.8: 191 819 1024 
367,1.1: 144 194 1042 1056 1468 2321 
368,0.9: 2 276 485 1105 
369,0.6: 432 1135 
370,1.1: 944 1188 2022 2130 2158 2272 
371,0.9: 506 596 2217 2291 
372,0.9: 790 1026 1107 1672 
373,0.6: 516 2064 
374,0.2: 844 
375,1.1: 554 724 984 1020 1208 
376,0.2: 1766 
377,0.6: 195 1393 
378,0.6: 492 2098 
379,0.8: 1657 1801 2083 
380,1.1: 18 472 895 1236 1312 2311 
381,0.8: 81 545 1328 
382,1.1: 1233 1268 1390 2180 2280 2289 
383,0.9: 1169 1290 2196 2255 
384,1.1: 810 1210 1481 1530 2216 
385,0.9: 710 894 1288 2204 
386,0.8: 97 980 2317 
387,0.8: 1388 2185 2199 
388,0.6: 622 1276 
389,0.9: 1046 1086 1437 1504 
390,0.6: 693 1963 
391,0.9: 676 989 1297 2314 
392,1.1: 254 913 1067 1105 2042 
393,0.9: 345 624 642 1211 
394,0.6: 1264 1895 
395,1.1: 21 1543 1682 1946 2140 
396,1.1: 741 1098 1801 2041 2132 
397,0.2: 2161 
398,0.8: 230 859 1825 
399,0.6: 1703 1857 
400,0.6: 973 1813 
401,0.8: 569 831 1907 
402,1.1: 532 1169 1312 1334 1523 
403,0.2: 2094 
404,1.1: 734 870 1112 1155 1452 1963 
405,0.6: 204 1432 
406,0.6: 1278 1512 
407,0.2: 833 
408,0.6: 328 1979 
409,0.6: 1178 1716 
410,0.8: 837 1785 2224 
411,0.2: 418 
412,1.1: 332 616 665 1777 2265 
413,1.1: 203 206 1320 1452 1828 2290 
414,0.6: 271 1593 
415,0.2: 1632 
416,0.6: 36 1140 
417,0.8: 841 1669 2282 
418,1.1: 16 358 411 464 1999 
419,0.6: 1005 1854 
420,0.2: 1731 
421,0.6: 305 1804 
422,1.1: 755 1188 1421 1770 1827 
423,1.1: 545 1170 1239 1752 1907 
424,0.8: 145 1667 1920 
425,0.8: 78 1501 2338 
426,0.9: 50 1156 1373 1527 
427,0.8: 451 533 1404 
428,0.2: 2064 
429,0.2: 1256 
430,0.2: 134 
431,0.2: 1423 
432,0.8: 275 369 2306 
433,0.8: 1050 1319 1650 
434,0.2: 2188 
435,0.8: 313 1159 1322 
436,0.2: 1130 
437,0.6: 1765 1967 
438,0.2: 2208 
439,0.6: 461 489 
440,1.1: 240 500 713 739 1645 2138 
441,1.1: 260 348 752 1926 2204 
442,0.6: 2126 2178 
443,1.1: 56 287 600 1145 1607 
444,0.6: 341 2275 
445,0.2: 847 
446,1.1: 113 132 625 700 1317 1839 
447,1.1: 507 613 676 905 1661 1806 
448,1.1: 110 849 1268 1407 2237 
449,0.6: 931 2329 
450,1.1: 489 1051 1464 1578 1782 
451,0.6: 110 427 
452,0.6: 774 2283 
453,0.6: 931 2078 
454,0.2: 2095 
455,0.8: 1210 1820 2190 
456,0.8: 544 1124 1892 
457,0.2: 459 
458,0.2: 1120 
459,1.3: 17 83 113 457 491 951 963 1197 1571 
460,0.8: 602 893 1336 
461,1.1: 439 517 1527 1536 1643 
462,0.9: 173 817 1343 1915 
463,0.6: 1417 1447 
464,0.6: 418 1052 
465,0.6: 292 1020 
466,1.1: 109 120 564 649 1020 1670 
467,0.2: 1150 
468,0.8: 51 1946 2197 
469,0.9: 142 903 1673 1830 
470,0.6: 1952 2021 
471,0.9: 1123 1258 1343 1361 
472,0.8: 380 949 1506 
473,1.1: 708 1577 1946 1954 2244 2311 
474,0.6: 2119 2296 
475,1.1: 5 717 802 1420 1877 
476,0.6: 1522 2112 
477,0.6: 36 1043 
478,0.6: 741 1695 
479,0.6: 1821 2041 
480,0.2: 695 
481,0.8: 708 1715 2103 
482,1.1: 181 1041 1053 1432 2040 
483,0.8: 234 2071 2198 
484,0.2: 985 
485,1.1: 146 368 662 1121 2246 
486,0.8: 336 801 842 
487,0.8: 74 768 928 
488,1.2: 202 675 976 1010 1590 1680 1995 
489,1.1: 439 450 799 1347 2130 
490,0.2: 952 
491,1.1: 32 459 621 1039 1886 
492,0.6: 378 2146 
493,0.6: 1101 1773 
494,0.2: 1042 
495,0.9: 541 651 1027 1250 
496,0.8: 1017 1563 1894 
497,0.6: 356 782 
498,0.6: 673 2187 
499,0.6: 1993 2086 
500,1.1: 159 440 925 933 1083 1200 
501,0.9: 920 1533 1707 1922 
502,0.6: 1787 1833 
503,0.8: 1319 1386 1609 
504,0.9: 64 203 211 610 
505,0.2: 943 
506,0.8: 371 675 892 
507,1.1: 447 570 756 1835 1967 2027 
508,0.2: 805 
509,0.8: 1212 1478 1772 
510,0.6: 1325 1706 
511,0.6: 1299 2214 
512,0.2: 1405 
513,0.6: 6 816 
514,0.6: 589 1829 
515,0.6: 1233 1295 
516,0.6: 373 1193 
517,1.3: 14 23 27 461 580 827 1236 2304 
518,0.2: 789 
519,0.8: 1108 2175 2245 
520,0.8: 679 1471 2247 
521,0.6: 1693 2250 
522,0.6: 543 2013 
523,0.6: 560 978 
524,0.9: 247 351 1996 2242 
525,0.6: 343 1466 
526,0.9: 186 730 1415 2205 
527,0.6: 282 2204 
528,1.1: 542 861 1066 1819 2236 2250 
529,0.6: 1015 1250 
530,0.2: 244 
531,1.1: 268 1116 1259 1491 1608 
532,0.8: 139 402 2088 
533,0.2: 427 
534,1.1: 821 945 1308 1334 1726 
535,0.6: 780 958 
536,0.6: 943 2208 
537,1.1: 179 210 726 1104 1432 2053 
538,0.6: 1421 2138 
539,0.2: 158 
540,0.2: 1393 
541,0.9: 495 619 1126 1408 
542,0.8: 528 1351 1402 
543,0.9: 522 748 890 1113 
544,0.9: 456 1264 1378 1980 
545,1.1: 381 423 929 979 1236 1473 
546,0.2: 1230 
547,1.1: 1585 1614 1619 1858 1910 1921 
548,0.9: 229 784 1170 1354 
549,0.6: 52 1285 
550,0.9: 1053 1493 1754 2171 
551,0.8: 1129 1446 1789 
552,0.8: 869 1552 2126 
553,0.2: 771 
554,0.2: 375 
555,0.8: 124 562 987 
556,0.2: 1268 
557,0.6: 1366 1602 
558,1.1: 725 941 1118 1315 1986 
559,1.1: 92 902 1078 1688 1867 1922 
560,0.9: 523 750 1992 2239 
561,0.6: 216 1611 
562,0.9: 555 1796 2125 2212 
563,0.9: 935 999 1094 1938 
564,0.9: 466 1252 1815 1903 
565,0.9: 883 1036 1068 1260 
566,0.8: 1658 1824 2190 
567,0.9: 1001 1725 1788 1802 
568,1.1: 660 1258 1500 2042 2215 
569,0.2: 401 
570,1.1: 507 796 971 1022 1181 
571,0.2: 1664 
572,0.2: 904 
573,0.8: 1 12 2147 
574,0.9: 360 1072 1594 1709 
575,1.1: 32 249 940 1790 1841 
576,0.8: 773 1966 2331 
577,0.2: 2162 
578,1.2: 244 249 332 802 1135 1866 2222 
579,0.2: 878 
580,1.2: 517 955 1420 1757 1918 1989 2125 
581,0.8: 1047 1174 2075 
582,0.6: 245 787 
583,0.8: 1068 1233 1558 
584,0.6: 334 2064 
585,0.8: 742 2109 2340 
586,1.1: 666 1134 1758 2097 2223 2225 
587,0.6: 1158 1251 
588,0.6: 1508 1953 
589,0.9: 60 514 906 1378 
590,0.6: 1956 2308 
591,0.8: 241 1518 1531 
592,0.9: 360 1071 1514 2112 
593,0.9: 656 1859 2069 2267 
594,1.1: 306 707 1655 1931 2153 
595,0.6: 877 1517 
596,0.8: 371 834 1133 
597,0.9: 1146 1333 1732 2210 
598,0.2: 2330 
599,0.9: 151 616 1681 1832 
600,0.8: 443 924 1355 
601,0.2: 1366 
602,0.2: 460 
603,0.6: 116 1829 
604,0.9: 171 1681 1942 2039 
605,0.8: 180 730 2309 
606,0.9: 868 1359 1684 2051 
607,0.2: 2305 
608,0.8: 75 640 933 
609,0.9: 262 1309 1469 1618 
610,0.6: 504 1976 
611,0.2: 2173 
612,0.6: 1932 2058 
613,0.9: 246 447 1178 2231 
614,0.8: 50 1419 1746 
615,0.8: 172 1362 1387 
616,0.6: 412 599 
617,0.2: 149 
618,1.1: 793 1327 1375 1657 1815 2214 
619,0.8: 541 1070 2122 
620,0.9: 186 1555 2011 2079 
621,0.8: 491 1373 2191 
622,1.1: 388 627 681 1821 2031 
623,0.8: 1113 1398 1700 
624,0.6: 393 1427 
625,0.8: 446 1703 2113 
626,0.2: 709 
627,0.2: 622 
628,0.6: 1077 1912 
629,0.9: 96 324 1081 1746 
630,0.2: 1793 
631,0.9: 139 311 1034 1269 
632,0.9: 211 721 1608 1809 
633,1.1: 1097 2020 2127 2151 2280 
634,0.8: 50 112 986 
635,0.6: 734 1068 
636,0.9: 1538 1942 2080 2201 
637,0.2: 1324 
638,0.8: 15 2162 2333 
639,0.9: 326 1185 1359 2330 
640,0.6: 608 1040 
641,0.6: 689 1846 
642,1.1: 15 303 341 393 960 
643,0.9: 129 1440 1530 1917 
644,0.9: 740 1092 2156 2277 
645,0.2: 69 
646,0.2: 1271 
647,0.8: 664 1865 2261 
648,0.8: 1293 1359 2285 
649,0.6: 466 1512 
650,1.1: 146 325 1079 1457 1973 
651,1.1: 495 690 1114 1366 2094 
652,0.6: 1243 1517 
653,0.6: 973 2197 
654,0.6: 1385 1856 
655,0.6: 732 989 
656,0.8: 126 209 593 
657,0.9: 309 1312 1462 1828 
658,0.8: 173 1133 1753 
659,0.6: 2014 2263 
660,0.9: 568 1155 1711 2006 
661,0.2: 1587 
662,0.9: 311 485 1800 1807 
663,0.9: 1103 1653 1744 1749 
664,0.9: 245 647 1053 1777 
665,0.9: 300 412 1166 1807 
666,1.1: 66 586 1517 1586 1720 2149 
667,0.8: 1155 2067 2133 
668,0.9: 169 855 1701 2142 
669,0.6: 139 1163 
670,0.6: 992 1321 
671,0.2: 731 
672,0.6: 33 2073 
673,0.9: 89 498 1176 1523 
674,0.9: 1173 1223 1698 1751 
675,1.3: 192 203 488 506 1613 1693 1897 2219 
676,1.1: 391 447 1544 1713 1750 
677,0.6: 211 843 
678,1.1: 118 262 1719 1875 1978 2221 
679,1.1: 520 1101 1278 1880 2088 
680,0.6: 265 893 
681,0.8: 90 622 1702 
682,0.2: 1945 
683,0.8: 801 1012 1805 
684,0.8: 1458 1762 2112 
685,0.6: 732 1051 
686,0.2: 1382 
687,0.8: 1073 1164 1432 
688,0.6: 79 1284 
689,0.8: 641 794 1770 
690,1.1: 11 92 651 1363 1603 
691,0.8: 1154 1186 1638 
692,0.2: 2064 
693,0.9: 390 1102 2093 2236 
694,0.8: 730 1633 1932 
695,0.9: 480 1318 1483 1610 
696,0.6: 895 1640 
697,0.6: 1488 2010 
698,0.6: 100 170 
699,0.2: 191 
700,0.8: 446 1331 1493 
701,0.8: 791 1526 1952 
702,0.9: 87 235 1150 1961 
703,0.2: 2149 
704,0.6: 274 1200 
705,0.8: 1038 1230 1921 
706,0.6: 6 2248 
707,0.6: 594 1735 
708,0.6: 473 481 
709,0.8: 626 775 917 
710,0.8: 385 1332 1382 
711,0.6: 121 1968 
712,0.6: 1947 2280 
713,0.8: 440 924 1330 
714,0.6: 222 1794 
715,0.2: 262 
716,1.1: 304 965 977 2126 2233 
717,0.8: 475 1682 1771 
718,0.6: 1040 1131 
719,0.6: 1643 2144 
720,0.6: 1421 2164 
721,1.1: 358 632 1263 1534 2167 
722,0.8: 278 1319 1498 
723,0.6: 733 1621 
724,1.1: 62 375 1025 1603 1911 
725,0.9: 558 762 883 2104 
726,0.6: 78 537 
727,0.6: 2011 2199 
728,1.1: 11 282 880 1936 2331 
729,0.6: 1171 2220 
730,1.1: 330 338 526 605 694 1204 
731,0.8: 133 153 671 
732,0.8: 655 685 1183 
733,0.8: 723 1313 1437 
734,0.6: 404 635 
735,0.8: 809 950 2072 
736,0.9: 275 1182 1567 2337 
737,0.2: 215 
738,0.9: 1244 1383 1686 2111 
739,1.1: 153 316 440 2153 2239 
740,0.8: 301 644 2043 
741,0.9: 91 396 478 2004 
742,0.6: 585 780 
743,0.8: 97 1586 1945 
744,1.1: 209 848 1032 1481 1872 2267 
745,0.6: 933 1977 
746,1.1: 150 1112 1131 2123 2263 
747,0.2: 1176 
748,0.8: 302 543 1965 
749,0.6: 1076 1709 
750,0.8: 560 1314 1900 
751,0.6: 1692 2133 
752,0.6: 441 1394 
753,0.8: 859 1022 2134 
754,0.9: 1386 1414 1871 2260 
755,0.6: 254 422 
756,1.1: 507 776 1489 1851 2214 
757,0.8: 289 776 1503 
758,1.1: 852 1107 1242 2051 2262 
759,0.8: 74 1142 2289 
760,0.2: 346 
761,0.2: 133 
762,0.2: 725 
763,0.6: 1101 1438 
764,0.8: 1290 2037 2127 
765,0.9: 193 1862 2049 2254 
766,0.8: 1233 1789 2304 
767,0.6: 53 1426 
768,0.9: 487 896 1456 1929 
769,0.6: 1496 1548 
770,0.8: 298 1285 1490 
771,0.6: 553 1135 
772,0.8: 1144 1199 1281 
773,0.6: 576 1462 
774,0.9: 452 947 1114 2039 
775,0.8: 67 709 1443 
776,1.1: 756 757 1450 1769 1929 
777,0.6: 1587 2069 
778,0.8: 159 169 808 
779,0.6: 1032 1837 
780,1.1: 319 535 742 1662 1745 1787 
781,0.9: 163 1002 1845 2070 
782,0.8: 497 1624 1628 
783,0.8: 858 1732 2303 
784,1.1: 83 548 1435 1563 1894 2204 
785,0.2: 1178 
786,0.6: 955 1526 
787,0.2: 582 
788,0.6: 1908 2166 
789,0.9: 145 364 518 1465 
790,0.6: 372 2265 
791,0.8: 701 819 2191 
792,0.8: 16 1323 1914 
793,0.6: 618 910 
794,0.8: 689 1251 1495 
795,0.2: 1162 
796,0.9: 570 909 1546 2054 
797,0.6: 69 1625 
798,0.8: 1082 1973 1985 
799,0.6: 91 489 
800,1.1: 58 155 1273 2050 2244 
801,0.9: 486 683 1443 1640 
802,1.1: 43 322 475 578 1759 1860 
803,0.8: 112 2058 2062 
804,0.9: 922 1467 1610 2225 
805,0.6: 508 1416 
806,0.2: 282 
807,1.1: 247 336 948 1010 1416 2033 
808,0.9: 778 1026 1097 1744 
809,0.8: 278 735 937 
810,0.9: 384 946 1088 1291 
811,0.6: 148 2241 
812,0.8: 206 1047 2148 
813,0.6: 75 2309 
814,0.8: 1010 1572 1814 
815,0.8: 94 1332 1848 
816,0.9: 288 513 860 1028 
817,0.6: 168 462 
818,1.1: 121 887 1370 2200 2270 
819,1.1: 314 360 366 791 1067 
820,0.9: 175 359 826 1583 
821,0.6: 534 873 
822,1.1: 301 1296 1366 1625 2222 
823,0.2: 1484 
824,0.6: 1343 1964 
825,0.2: 1461 
826,0.8: 820 1173 1242 
827,0.6: 326 517 
828,0.2: 2169 
829,0.8: 1100 1354 1683 
830,0.2: 1497 
831,0.6: 291 401 
832,0.6: 221 894 
833,1.1: 171 407 882 1472 2050 2117 
834,0.8: 596 1256 1904 
835,0.9: 211 1381 1860 1943 
836,0.6: 282 1666 
837,0.8: 257 410 1170 
838,0.6: 29 2031 
839,0.6: 10 1526 
840,0.8: 112 1615 1733 
841,1.1: 102 417 1483 1974 2096 
842,0.9: 358 486 1405 1934 
843,0.8: 169 677 1426 
844,0.8: 374 1180 1375 
845,0.2: 1876 
846,0.8: 38 336 1393 
847,0.2: 445 
848,0.9: 744 939 997 2063 
849,0.8: 448 2243 2294 
850,1.1: 31 1423 1847 1951 2055 2311 
851,0.8: 1353 1838 2330 
852,1.1: 296 309 758 1209 1764 
853,0.6: 1573 1817 
854,0.9: 1073 1276 1294 1747 
855,1.1: 38 668 1015 1189 2234 2317 
856,0.9: 1448 2081 2136 2207 
857,0.6: 1155 1938 
858,0.9: 783 1090 1608 1755 
859,0.6: 398 753 
860,0.8: 816 904 1472 
861,0.6: 172 528 
862,0.6: 1356 1806 
863,1.1: 169 1283 1866 1936 2279 
864,0.8: 1428 1565 1936 
865,1.1: 14 261 330 1720 2141 2278 
866,1.1: 170 186 1523 1745 2277 
867,0.2: 342 
868,0.9: 606 943 1839 2157 
869,0.9: 41 552 955 1329 
870,1.1: 83 143 404 1137 1468 1791 
871,0.2: 2170 
872,0.8: 95 1979 2144 
873,0.2: 821 
874,0.2: 110 
875,0.6: 344 1630 
876,0.9: 251 992 1438 1574 
877,0.9: 595 1422 1562 2118 
878,0.8: 579 1068 1298 
879,0.6: 1690 2194 
880,0.8: 728 1038 1270 
881,0.6: 335 1992 
882,1.1: 833 1183 1847 1880 2055 
883,1.2: 80 117 565 725 1186 1692 2282 
884,0.6: 34 2310 
885,0.6: 1513 1547 
886,0.6: 968 1552 
887,0.2: 818 
888,0.8: 977 1032 1514 
889,0.8: 1355 1628 2202 
890,0.9: 543 1248 1510 1870 
891,0.6: 44 1253 
892,1.1: 506 1564 1604 2153 2265 
893,0.6: 460 680 
894,0.9: 385 832 1095 1348 
895,0.8: 380 696 1250 
896,0.2: 768 
897,0.2: 274 
898,0.9: 225 986 1375 1488 
899,0.9: 1390 1610 1956 2202 
900,0.9: 125 199 1798 2003 
901,0.6: 956 1804 
902,0.6: 559 1687 
903,0.2: 469 
904,1.1: 572 860 1549 2195 2318 
905,0.9: 447 1400 1684 1963 
906,0.2: 589 
907,0.2: 1407 
908,0.2: 1798 
909,0.6: 796 1006 
910,0.6: 793 1688 
911,0.2: 217 
912,0.8: 1291 1494 1653 
913,1.1: 24 151 392 1708 2093 
914,0.9: 135 309 1261 1658 
915,0.8: 1039 1250 1989 
916,0.6: 33 2033 
917,0.6: 709 2195 
918,0.8: 50 1933 1980 
919,0.8: 73 125 1322 
920,0.2: 501 
921,0.9: 1198 1469 1558 2288 
922,0.6: 804 2282 
923,0.6: 1037 1917 
924,1.1: 356 600 713 1585 1599 
925,0.2: 500 
926,0.8: 255 1616 1905 
927,0.8: 289 1760 2285 
928,0.6: 487 2089 
929,0.8: 290 545 1721 
930,0.6: 1215 2123 
931,0.9: 449 453 1280 1373 
932,0.8: 1646 2068 2097 
933,1.2: 91 178 500 608 745 1240 2068 
934,0.6: 943 1796 
935,1.1: 84 313 563 2122 2164 
936,0.6: 289 1352 
937,1.1: 309 809 1326 1622 2256 
938,0.8: 1020 1086 1277 
939,1.1: 848 1063 1180 1197 1832 
940,0.8: 575 1524 1746 
941,0.6: 558 1945 
942,0.2: 2183 
943,1.1: 505 536 868 934 1395 
944,0.6: 370 1265 
945,0.8: 40 534 1202 
946,0.6: 810 2129 
947,0.2: 774 
948,0.8: 807 1035 1815 
949,0.6: 472 1988 
950,0.2: 735 
951,0.2: 459 
952,1.2: 188 490 1913 1916 1942 2196 2325 
953,0.2: 1304 
954,0.8: 1070 1584 2225 
955,0.9: 19 580 786 869 
956,0.8: 901 1361 1905 
957,0.2: 2148 
958,1.2: 36 96 298 315 535 1047 1510 
959,0.8: 47 316 2248 
960,0.9: 642 1677 1908 2298 
961,0.8: 213 1256 2341 
962,0.2: 1062 
963,0.6: 459 1794 
964,0.8: 1559 2263 2274 
965,0.2: 716 
966,0.8: 72 1119 2155 
967,0.2: 2168 
968,1.1: 886 1288 1619 1737 2127 
969,0.9: 199 1086 1326 1347 
970,0.9: 158 248 308 1370 
971,0.6: 570 1256 
972,0.8: 1079 1754 1837 
973,0.8: 400 653 1299 
974,0.8: 1187 1344 2225 
975,0.6: 2035 2074 
976,0.9: 488 1444 1597 2271 
977,0.8: 716 888 1216 
978,1.1: 353 523 1530 1792 2007 2085 
979,0.8: 545 1068 1442 
980,0.2: 386 
981,0.9: 118 991 1425 1743 
982,0.9: 1473 1851 2042 2100 
983,0.6: 222 1454 
984,0.6: 375 1199 
985,0.9: 484 1646 1994 2178 
986,0.8: 634 898 2048 
987,0.2: 555 
988,0.8: 1457 1544 2201 
989,1.2: 113 391 655 1416 1595 1713 2050 
990,0.2: 193 
991,0.9: 270 981 1652 1888 
992,0.6: 670 876 
993,0.6: 1469 1771 
994,0.9: 39 1080 1335 2005 
995,0.6: 1396 2069 
996,0.6: 1655 1675 
997,0.2: 848 
998,0.6: 117 349 
999,0.8: 563 1594 1902 
1000,0.6: 23 1031 
1001,0.9: 354 567 1787 2258 
1002,1.1: 781 1214 1983 2046 2224 2314 
1003,0.8: 194 1046 1115 
1004,0.6: 1853 2255 
1005,0.8: 419 1605 2229 
1006,0.8: 909 1447 1470 
1007,0.8: 1361 2194 2222 
1008,1.1: 197 247 1154 1476 1654 
1009,0.8: 1337 1950 2131 
1010,1.1: 488 807 814 1381 2137 
1011,0.2: 1364 
1012,0.8: 683 1674 1929 
1013,0.6: 1497 2109 
1014,0.2: 287 
1015,0.6: 529 855 
1016,0.2: 1717 
1017,1.1: 131 311 496 1153 1222 1331 
1018,0.2: 1462 
1019,0.6: 1515 2308 
1020,0.9: 375 465 466 938 
1021,0.6: 252 1544 
1022,0.9: 570 753 1369 2169 
1023,0.6: 1728 1961 
1024,0.9: 214 366 1569 2343 
1025,0.9: 1 724 1365 1973 
1026,1.1: 67 162 372 808 1471 
1027,0.8: 495 1393 1678 
1028,0.2: 816 
1029,0.2: 1382 
1030,0.2: 92 
1031,0.9: 85 306 1000 2047 
1032,1.1: 307 744 779 888 1933 
1033,0.6: 1759 2314 
1034,0.9: 631 1140 1291 1693 
1035,0.8: 948 1464 2112 
1036,0.6: 101 565 
1037,0.8: 33 923 1547 
1038,0.9: 705 880 1233 1752 
1039,0.8: 491 915 1422 
1040,0.6: 640 718 
1041,0.6: 134 482 
1042,0.8: 367 494 2252 
1043,0.9: 477 1847 2001 2247 
1044,0.2: 282 
1045,0.2: 1079 
1046,1.1: 249 319 389 1003 1318 1328 
1047,0.9: 127 581 812 958 
1048,0.9: 112 293 1258 2039 
1049,0.2: 1072 
1050,0.8: 433 1305 1904 
1051,1.1: 7 161 450 685 1629 2268 
1052,0.6: 464 1809 
1053,0.8: 482 550 664 
1054,0.9: 70 1390 2241 2315 
1055,0.6: 1166 1356 
1056,0.2: 367 
1057,0.6: 1664 2226 
1058,0.6: 1498 1607 
1059,0.6: 147 1396 
1060,0.8: 134 1334 1486 
1061,0.6: 1955 2150 
1062,0.9: 962 1873 2129 2206 
1063,0.2: 939 
1064,0.6: 2022 2180 
1065,0.6: 74 1474 
1066,1.1: 15 111 528 1870 2074 
1067,1.1: 392 819 1099 1221 1854 
1068,1.1: 565 583 635 878 979 1797 
1069,0.6: 1394 1690 
1070,0.9: 338 619 954 1391 
1071,0.8: 592 1122 1341 
1072,0.9: 278 574 1049 1979 
1073,0.8: 176 687 854 
1074,0.2: 1146 
1075,0.8: 103 141 1583 
1076,0.6: 749 1509 
1077,0.6: 628 2334 
1078,0.6: 559 1604 
1079,1.1: 217 355 650 972 1045 
1080,0.9: 994 1475 1814 2265 
1081,0.8: 629 1161 1174 
1082,0.9: 101 798 1772 2105 
1083,0.9: 500 1673 1879 2146 
1084,0.9: 40 85 2058 2103 
1085,0.6: 1444 1784 
1086,0.9: 389 938 969 1599 
1087,0.8: 224 1476 2094 
1088,0.6: 810 2025 
1089,0.9: 87 1274 2087 2216 
1090,0.6: 858 1732 
1091,0.6: 303 1259 
1092,0.8: 644 1516 2151 
1093,0.8: 1447 1592 2115 
1094,0.6: 139 563 
1095,0.6: 894 1864 
1096,0.2: 1647 
1097,1.1: 633 808 1224 1416 1564 1694 
1098,0.6: 396 1665 
1099,0.6: 1067 1824 
1100,0.2: 829 
1101,0.9: 363 493 679 763 
1102,0.2: 693 
1103,0.8: 318 663 1334 
1104,0.6: 537 2047 
1105,0.8: 368 392 2143 
1106,0.6: 1874 1892 
1107,0.8: 298 372 758 
1108,0.9: 519 1117 1292 1741 
1109,0.2: 1178 
1110,0.2: 86 
1111,0.8: 1317 1826 2126 
1112,0.8: 404 746 1274 
1113,0.8: 543 623 2221 
1114,1.1: 81 651 774 1763 1933 
1115,0.8: 1003 1372 1441 
1116,0.6: 531 1834 
1117,0.9: 1108 1614 1826 2014 
1118,0.6: 558 1615 
1119,1.1: 303 966 1679 1695 1891 
1120,0.6: 458 2009 
1121,0.6: 485 2338 
1122,0.6: 1071 2223 
1123,0.6: 96 471 
1124,0.8: 456 1194 1922 
1125,0.2: 75 
1126,1.2: 145 362 541 1481 1512 1532 2207 
1127,0.6: 139 1455 
1128,0.8: 258 1667 2327 
1129,0.8: 274 551 1641 
1130,0.6: 436 2253 
1131,1.1: 718 746 1220 1854 1863 
1132,0.8: 209 1790 2026 
1133,0.9: 325 596 658 2236 
1134,0.8: 586 1468 1804 
1135,1.1: 369 578 771 1485 2266 
1136,0.2: 242 
1137,0.9: 870 1453 1569 1823 
1138,0.9: 148 348 1835 2038 
1139,0.2: 330 
1140,0.8: 416 1034 1858 
1141,0.2: 2265 
1142,1.1: 328 759 1271 2101 2191 
1143,0.6: 1834 2129 
1144,0.8: 156 772 2088 
1145,1.1: 18 159 337 443 1194 
1146,0.6: 597 1074 
1147,0.6: 1373 2068 
1148,0.8: 326 1161 1522 
1149,0.2: 1436 
1150,0.9: 467 702 1190 1647 
1151,0.6: 319 1361 
1152,0.8: 13 1204 1762 
1153,0.8: 337 1017 1241 
1154,0.6: 691 1008 
1155,1.1: 404 660 667 857 1494 2135 
1156,0.9: 133 146 426 1933 
1157,0.2: 1911 
1158,0.6: 587 1901 
1159,0.9: 435 1275 1745 2223 
1160,0.2: 1561 
1161,1.1: 187 1081 1148 1569 1702 1917 
1162,0.9: 119 342 795 2252 
1163,0.8: 53 250 669 
1164,0.8: 222 687 1258 
1165,0.8: 354 1747 2284 
1166,0.9: 665 1055 1594 2272 
1167,0.2: 267 
1168,1.2: 230 235 1199 1506 1554 1650 2241 
1169,1.1: 92 383 402 1615 1820 2245 
1170,1.1: 423 548 837 1256 1664 
1171,1.1: 0 345 729 1338 2177 
1172,0.2: 2024 
1173,0.9: 41 241 674 826 
1174,0.9: 581 1081 1811 2071 
1175,0.2: 65 
1176,0.8: 337 673 747 
1177,0.6: 138 2215 
1178,1.1: 409 613 785 1109 1461 2022 
1179,0.8: 108 1996 2039 
1180,0.9: 844 939 1445 1962 
1181,0.6: 570 1931 
1182,0.6: 24 736 
1183,1.1: 222 732 882 1233 2254 
1184,1.1: 72 1303 1589 1765 1906 2057 
1185,0.2: 639 
1186,0.8: 691 883 1199 
1187,0.6: 974 1923 
1188,1.3: 104 159 227 370 422 1272 1842 1845 1855 
1189,0.6: 855 2279 
1190,0.2: 1150 
1191,0.2: 1423 
1192,0.6: 31 1575 
1193,0.8: 13 309 516 
1194,1.1: 1124 1145 1399 1528 1971 
1195,0.8: 1844 2050 2186 
1196,0.6: 151 2082 
1197,0.8: 287 459 939 
1198,0.8: 312 921 2329 
1199,1.1: 130 772 984 1168 1186 
1200,0.6: 500 704 
1201,0.6: 1884 2282 
1202,0.8: 313 945 1430 
1203,0.2: 365 
1204,1.1: 730 1152 1550 2030 2162 
1205,0.2: 1231 
1206,0.2: 199 
1207,0.6: 2038 2240 
1208,0.6: 375 1227 
1209,0.2: 852 
1210,0.9: 384 455 1260 2019 
1211,0.6: 393 1383 
1212,1.1: 142 509 1485 1937 1978 
1213,0.9: 1286 1620 1767 2343 
1214,0.8: 1002 1228 1904 
1215,0.2: 930 
1216,0.6: 977 1834 
1217,0.6: 218 1855 
1218,0.6: 340 2088 
1219,0.2: 1930 
1220,0.6: 1131 1737 
1221,0.8: 339 1067 1385 
1222,0.2: 1017 
1223,0.8: 674 1266 1908 
1224,0.8: 1097 2147 2314 
1225,0.6: 43 1313 
1226,0.8: 1260 2035 2281 
1227,0.6: 1208 2224 
1228,0.8: 1214 1574 1883 
1229,0.2: 2343 
1230,0.6: 546 705 
1231,0.9: 183 1205 1529 2048 
1232,0.2: 2236 
1233,1.2: 382 515 583 766 1038 1183 2069 
1234,0.6: 1372 1644 
1235,0.6: 1472 2173 
1236,1.1: 380 517 545 1892 2197 2273 
1237,0.8: 154 217 225 
1238,0.6: 0 360 
1239,0.9: 21 257 423 1857 
1240,0.8: 18 933 2342 
1241,1.1: 1153 1279 1372 1712 2152 2263 
1242,0.6: 758 826 
1243,0.8: 652 1387 1903 
1244,0.8: 262 738 1330 
1245,0.2: 2018 
1246,0.2: 1912 
1247,0.9: 82 105 319 1850 
1248,1.2: 42 69 890 1251 1533 1929 2056 
1249,0.6: 111 1740 
1250,0.9: 495 529 895 915 
1251,0.9: 145 587 794 1248 
1252,0.2: 564 
1253,0.6: 107 891 
1254,0.9: 172 1446 1802 1840 
1255,1.1: 14 233 1382 1598 1759 
1256,1.2: 266 429 834 961 971 1170 1994 
1257,0.6: 1589 1958 
1258,0.9: 471 568 1048 1164 
1259,0.9: 86 531 1091 2172 
1260,1.1: 200 273 279 565 1210 1226 
1261,0.2: 914 
1262,0.2: 1951 
1263,0.6: 74 721 
1264,0.8: 394 544 1909 
1265,0.8: 193 944 1645 
1266,0.8: 283 299 1223 
1267,0.6: 89 1890 
1268,1.1: 278 382 448 556 1929 
1269,0.8: 631 1626 1877 
1270,0.8: 880 1293 1580 
1271,0.9: 646 1142 1854 1968 
1272,0.2: 1188 
1273,0.2: 800 
1274,0.8: 1089 1112 1997 
1275,0.6: 1159 1728 
1276,1.1: 208 228 388 854 1700 
1277,0.9: 938 1425 1651 1735 
1278,0.9: 406 679 1291 2331 
1279,0.8: 154 1241 1321 
1280,0.2: 931 
1281,0.8: 73 772 2017 
1282,0.2: 1785 
1283,1.1: 131 863 1772 1783 2115 
1284,0.8: 688 1815 1874 
1285,0.8: 549 770 1934 
1286,0.6: 224 1213 
1287,0.2: 1447 
1288,0.8: 48 385 968 
1289,0.8: 19 1578 1962 
1290,0.6: 383 764 
1291,1.1: 810 912 1034 1278 1412 
1292,0.8: 1108 1338 1427 
1293,0.8: 648 1270 1589 
1294,0.6: 854 1860 
1295,0.6: 515 1474 
1296,0.6: 22 822 
1297,0.8: 243 391 1717 
1298,1.1: 311 878 1624 1744 2045 2285 
1299,0.8: 511 973 1684 
1300,0.6: 12 1626 
1301,0.6: 1335 1680 
1302,0.2: 1744 
1303,0.9: 1184 1452 1508 1711 
1304,0.8: 330 953 1865 
1305,0.2: 1050 
1306,0.2: 2094 
1307,0.2: 1748 
1308,1.1: 46 143 534 1347 1678 
1309,0.2: 609 
1310,0.2: 1906 
1311,0.2: 287 
1312,1.3: 313 380 402 657 1322 1545 1944 2148 
1313,1.1: 733 1225 1914 1930 2323 
1314,0.2: 750 
1315,0.8: 558 1488 2320 
1316,0.2: 54 
1317,0.9: 25 225 446 1111 
1318,0.8: 695 1046 1816 
1319,0.8: 433 503 722 
1320,0.8: 413 1806 2300 
1321,0.9: 0 1 670 1279 
1322,1.1: 228 435 919 1312 2101 
1323,0.9: 792 1603 1663 2265 
1324,0.2: 637 
1325,0.9: 189 510 1639 1825 
1326,0.8: 937 969 1899 
1327,0.8: 618 1396 2084 
1328,0.8: 313 381 1046 
1329,1.1: 141 869 1559 1886 2033 
1330,0.9: 713 1244 1960 2168 
1331,1.2: 64 700 1017 1671 1896 1994 2040 
1332,1.1: 710 815 1521 1676 1863 1869 
1333,0.8: 256 597 1508 
1334,1.1: 402 534 1060 1103 1669 
1335,0.8: 994 1301 2064 
1336,0.6: 460 1695 
1337,0.6: 1009 1631 
1338,0.8: 1171 1292 2173 
1339,0.8: 1867 2099 2326 
1340,0.2: 140 
1341,0.6: 1071 1620 
1342,0.6: 67 346 
1343,0.9: 303 462 471 824 
1344,0.2: 974 
1345,0.2: 1618 
1346,0.6: 321 2343 
1347,1.1: 125 489 969 1308 1764 
1348,0.9: 226 894 1455 1663 
1349,0.6: 1710 1998 
1350,0.2: 17 
1351,0.8: 542 1537 2041 
1352,1.1: 936 1482 1980 2067 2140 
1353,0.6: 851 1433 
1354,1.1: 207 548 829 1635 2227 
1355,0.8: 361 600 889 
1356,0.8: 862 1055 2023 
1357,0.2: 1945 
1358,0.6: 1604 2041 
1359,0.9: 606 639 648 2043 
1360,0.2: 2109 
1361,1.1: 341 471 956 1007 1151 1724 
1362,0.6: 340 615 
1363,0.9: 156 298 690 1701 
1364,0.8: 106 1011 2298 
1365,1.1: 92 198 207 1025 1615 2139 
1366,0.9: 557 601 651 822 
1367,0.8: 1369 1570 1896 
1368,0.6: 238 333 
1369,0.9: 198 1022 1367 2218 
1370,0.9: 818 970 1755 2114 
1371,0.2: 1581 
1372,1.2: 61 1115 1234 1241 1432 1542 2295 
1373,0.9: 426 621 931 1147 
1374,0.6: 303 319 
1375,1.1: 618 844 898 1778 2058 
1376,0.2: 2289 
1377,0.6: 1978 1995 
1378,0.8: 544 589 2024 
1379,0.2: 314 
1380,0.6: 1395 1709 
1381,1.1: 835 1010 1456 1590 1911 
1382,1.3: 365 686 710 1029 1255 1795 1817 1940 
1383,0.6: 738 1211 
1384,0.2: 258 
1385,0.9: 654 1221 1640 2296 
1386,0.6: 503 754 
1387,0.6: 615 1243 
1388,0.6: 387 1394 
1389,0.8: 0 2127 2310 
1390,0.8: 382 899 1054 
1391,0.8: 1070 1553 1753 
1392,0.2: 1893 
1393,1.1: 175 377 540 846 1027 
1394,1.1: 99 239 752 1069 1388 
1395,0.6: 943 1380 
1396,0.8: 995 1059 1327 
1397,0.9: 1715 1908 1996 2071 
1398,0.9: 189 623 1460 1580 
1399,0.8: 140 1194 1841 
1400,0.9: 113 905 1949 2173 
1401,0.6: 2028 2215 
1402,0.6: 542 1871 
1403,0.9: 360 1829 1879 2167 
1404,1.1: 141 191 427 2082 2128 
1405,0.6: 512 842 
1406,0.6: 1726 1943 
1407,0.6: 448 907 
1408,0.6: 541 2244 
1409,0.2: 1992 
1410,0.2: 151 
1411,0.2: 348 
1412,0.9: 300 1291 2007 2134 
1413,0.6: 1566 2099 
1414,1.2: 72 98 320 335 754 1635 1978 
1415,1.1: 330 526 1510 1629 2239 
1416,1.2: 261 805 807 989 1097 1492 2155 
1417,0.6: 463 2260 
1418,0.2: 2000 
1419,0.2: 614 
1420,0.6: 475 580 
1421,0.8: 422 538 720 
1422,0.9: 877 1039 1709 1757 
1423,0.8: 431 850 1191 
1424,0.6: 222 2228 
1425,0.8: 981 1277 1803 
1426,0.8: 11 767 843 
1427,1.1: 624 1292 1706 2119 2121 2164 
1428,0.8: 864 1626 1814 
1429,0.2: 1526 
1430,0.6: 1202 2283 
1431,0.2: 215 
1432,1.3: 131 405 482 537 687 1372 2026 2113 
1433,0.9: 1353 1552 1915 2061 
1434,0.9: 71 1869 2192 2339 
1435,0.6: 170 784 
1436,0.6: 1149 1716 
1437,1.1: 337 389 733 1912 1974 
1438,1.1: 763 876 1775 1871 1939 
1439,0.2: 1512 
1440,0.8: 643 1711 1931 
1441,0.9: 155 1115 2017 2170 
1442,0.2: 979 
1443,0.9: 356 775 801 1651 
1444,0.8: 976 1085 1561 
1445,0.6: 1180 1512 
1446,1.1: 155 551 1254 1580 1586 1881 
1447,1.1: 68 463 1006 1093 1287 1473 
1448,0.9: 169 856 1978 2010 
1449,0.8: 53 319 1540 
1450,0.9: 49 179 776 1573 
1451,0.2: 237 
1452,0.9: 272 404 413 1303 
1453,0.8: 299 1137 1596 
1454,0.8: 118 240 983 
1455,0.6: 1127 1348 
1456,1.1: 52 768 1381 1545 1969 
1457,0.8: 650 988 1599 
1458,0.8: 95 684 1786 
1459,0.8: 1655 1966 1997 
1460,0.8: 1398 1878 2338 
1461,0.9: 825 1178 1924 2018 
1462,0.8: 657 773 1018 
1463,0.2: 1497 
1464,0.8: 89 450 1035 
1465,0.6: 225 789 
1466,0.6: 525 2110 
1467,0.9: 804 1851 1922 2153 
1468,0.9: 367 870 1134 2072 
1469,1.1: 29 158 609 921 993 1755 
1470,0.6: 1006 1735 
1471,0.6: 520 1026 
1472,0.9: 833 860 1235 2210 
1473,1.1: 247 545 982 1447 2235 
1474,1.1: 108 1065 1295 2090 2162 2271 
1475,0.2: 1080 
1476,0.9: 123 1008 1087 2318 
1477,1.1: 197 1662 1873 2125 2240 
1478,0.6: 509 2122 
1479,0.8: 142 223 1788 
1480,0.2: 2274 
1481,0.8: 384 744 1126 
1482,0.2: 1352 
1483,1.1: 76 362 695 841 2016 2044 
1484,0.8: 327 823 1964 
1485,0.6: 1135 1212 
1486,0.2: 1060 
1487,0.2: 1608 
1488,0.9: 697 898 1315 1559 
1489,0.6: 756 1646 
1490,0.2: 770 
1491,0.2: 531 
1492,0.6: 1416 2003 
1493,0.8: 550 700 2048 
1494,0.6: 912 1155 
1495,0.2: 794 
1496,0.2: 769 
1497,1.3: 114 294 830 1013 1463 1676 1919 2259 
1498,0.9: 722 1058 1664 2262 
1499,0.2: 2171 
1500,1.1: 568 1960 2047 2171 2280 
1501,0.6: 425 1656 
1502,0.6: 1507 1675 
1503,0.8: 757 1859 2104 
1504,0.9: 293 389 1696 2324 
1505,0.2: 1576 
1506,0.8: 472 1168 2249 
1507,0.2: 1502 
1508,1.1: 28 298 588 1303 1333 
1509,0.8: 62 248 1076 
1510,0.8: 890 958 1415 
1511,0.6: 49 1591 
1512,1.1: 406 649 1126 1439 1445 
1513,0.8: 311 885 1806 
1514,0.8: 592 888 2037 
1515,0.6: 1019 2316 
1516,0.6: 254 1092 
1517,0.9: 595 652 666 1982 
1518,0.2: 591 
1519,0.2: 73 
1520,0.2: 1813 
1521,0.8: 1332 2078 2107 
1522,0.6: 476 1148 
1523,0.8: 402 673 866 
1524,0.9: 3 51 68 940 
1525,0.6: 1695 2092 
1526,1.2: 36 701 786 839 1429 1754 2200 
1527,1.1: 113 426 461 2059 2114 
1528,0.6: 1194 2308 
1529,0.6: 1231 2220 
1530,0.9: 320 384 643 978 
1531,0.6: 8 591 
1532,1.1: 330 1126 1567 1670 1695 
1533,0.9: 130 501 1248 1772 
1534,0.9: 136 273 721 2183 
1535,0.2: 1666 
1536,0.8: 461 1799 2225 
1537,0.6: 59 1351 
1538,0.2: 636 
1539,0.2: 1842 
1540,0.8: 1449 1809 2300 
1541,0.2: 1703 
1542,0.6: 51 1372 
1543,0.2: 395 
1544,0.8: 676 988 1021 
1545,0.8: 1312 1456 2038 
1546,0.8: 337 796 2343 
1547,0.6: 885 1037 
1548,0.8: 282 769 1713 
1549,0.6: 80 904 
1550,0.6: 1204 1641 
1551,0.8: 1650 2173 2340 
1552,0.8: 552 886 1433 
1553,0.6: 1391 1687 
1554,0.6: 1168 2039 
1555,1.1: 116 120 620 1730 2059 2246 
1556,0.2: 2027 
1557,0.2: 1883 
1558,0.8: 252 583 921 
1559,1.1: 57 964 1329 1488 2265 
1560,0.2: 2113 
1561,0.9: 1160 1444 1636 2305 
1562,0.6: 323 877 
1563,0.6: 496 784 
1564,1.1: 892 1097 1670 1797 2262 
1565,0.2: 864 
1566,0.6: 257 1413 
1567,0.6: 736 1532 
1568,0.2: 119 
1569,0.9: 1024 1137 1161 2324 
1570,0.2: 1367 
1571,0.6: 459 2094 
1572,0.9: 57 814 1941 1982 
1573,0.8: 853 1450 1840 
1574,0.8: 876 1228 1697 
1575,0.8: 1192 2039 2125 
1576,0.6: 122 1505 
1577,0.2: 473 
1578,1.1: 450 1289 1799 1875 1933 
1579,0.2: 1898 
1580,0.9: 1270 1398 1446 2124 
1581,0.6: 1371 1882 
1582,0.2: 2183 
1583,0.6: 820 1075 
1584,0.6: 954 1773 
1585,0.6: 547 924 
1586,0.8: 666 743 1446 
1587,0.6: 661 777 
1588,0.6: 1880 1892 
1589,0.8: 1184 1257 1293 
1590,0.8: 488 1381 1650 
1591,0.6: 93 1511 
1592,0.6: 1093 1693 
1593,0.6: 137 414 
1594,0.9: 195 574 999 1166 
1595,0.8: 296 989 1745 
1596,0.8: 1453 1819 2283 
1597,0.2: 976 
1598,0.6: 71 1255 
1599,0.9: 289 924 1086 1457 
1600,0.6: 2107 2203 
1601,0.6: 98 2254 
1602,0.6: 557 1764 
1603,0.9: 690 724 1323 2086 
1604,1.1: 141 892 1078 1358 1957 
1605,0.8: 190 225 1005 
1606,0.8: 34 141 209 
1607,0.9: 308 443 1058 2303 
1608,1.1: 531 632 858 1487 1676 
1609,0.6: 503 1633 
1610,1.1: 695 804 899 1881 2154 2202 
1611,0.6: 561 1688 
1612,0.2: 359 
1613,0.2: 675 
1614,0.8: 16 547 1117 
1615,0.9: 840 1118 1169 1365 
1616,0.2: 926 
1617,0.6: 1629 1636 
1618,1.2: 64 188 341 609 1345 1887 2098 
1619,0.9: 547 968 1661 1885 
1620,0.9: 1213 1341 1647 2147 
1621,0.8: 723 1711 2067 
1622,0.2: 937 
1623,0.9: 17 192 300 1984 
1624,0.9: 263 782 1298 1799 
1625,0.6: 797 822 
1626,1.1: 1269 1300 1428 1888 1974 1993 
1627,0.2: 1885 
1628,0.6: 782 889 
1629,0.9: 15 1051 1415 1617 
1630,0.6: 875 1989 
1631,0.8: 1 1337 2179 
1632,0.6: 58 415 
1633,1.1: 694 1609 1703 1740 2191 
1634,0.2: 2288 
1635,1.1: 218 305 1354 1414 1799 
1636,0.9: 122 1561 1617 2211 
1637,0.6: 1737 1958 
1638,0.6: 691 2081 
1639,0.6: 1325 1981 
1640,0.9: 696 801 1385 1680 
1641,0.8: 1129 1550 1925 
1642,0.8: 166 179 2343 
1643,0.8: 461 719 2084 
1644,0.8: 1234 2144 2209 
1645,0.8: 440 1265 1721 
1646,1.1: 932 985 1489 2155 2190 
1647,0.9: 1096 1150 1620 1731 
1648,0.2: 20 
1649,0.2: 2308 
1650,0.9: 433 1168 1551 1590 
1651,0.8: 1277 1443 2270 
1652,1.1: 58 330 991 1817 1823 
1653,0.8: 663 912 1724 
1654,0.9: 33 155 1008 2265 
1655,0.9: 594 996 1459 1834 
1656,0.6: 1501 2244 
1657,0.8: 379 618 1892 
1658,0.8: 116 566 914 
1659,0.8: 1720 1938 2186 
1660,0.8: 142 147 2326 
1661,0.6: 447 1619 
1662,0.9: 780 1477 2078 2123 
1663,0.9: 1323 1348 1921 2308 
1664,1.1: 265 571 1057 1170 1498 1921 
1665,0.6: 1098 1856 
1666,0.8: 227 836 1535 
1667,0.8: 305 424 1128 
1668,0.2: 8 
1669,0.8: 417 1334 1699 
1670,1.1: 72 227 466 1532 1564 
1671,0.8: 1331 2037 2143 
1672,0.6: 372 2160 
1673,0.8: 33 469 1083 
1674,1.1: 52 148 1012 1925 2118 
1675,0.8: 26 996 1502 
1676,0.9: 1332 1497 1608 1841 
1677,0.2: 960 
1678,0.6: 1027 1308 
1679,0.8: 1119 2228 2324 
1680,0.9: 245 488 1301 1640 
1681,1.1: 46 257 599 604 2102 
1682,0.6: 395 717 
1683,0.8: 204 829 1798 
1684,0.8: 606 905 1299 
1685,0.6: 1784 2190 
1686,0.8: 89 738 2289 
1687,0.9: 163 902 1553 1836 
1688,0.9: 125 559 910 1611 
1689,0.6: 1881 1943 
1690,0.9: 879 1069 2182 2229 
1691,0.2: 1948 
1692,0.8: 751 883 1900 
1693,1.2: 9 15 521 675 1034 1592 1714 
1694,0.9: 52 74 289 1097 
1695,1.1: 478 1119 1336 1525 1532 2030 
1696,0.2: 1504 
1697,0.6: 1574 1783 
1698,0.2: 674 
1699,0.6: 252 1669 
1700,0.8: 623 1276 1985 
1701,0.6: 668 1363 
1702,0.6: 681 1161 
1703,0.9: 399 625 1541 1633 
1704,0.6: 78 174 
1705,0.8: 154 1992 2037 
1706,0.8: 510 1427 2122 
1707,0.6: 501 1765 
1708,0.6: 913 2034 
1709,1.1: 574 749 1380 1422 2217 
1710,0.6: 1349 2117 
1711,1.1: 660 1303 1440 1621 1748 1870 
1712,0.8: 56 93 1241 
1713,0.8: 676 989 1548 
1714,0.6: 1693 2250 
1715,0.8: 221 481 1397 
1716,1.1: 409 1436 1774 2279 2343 
1717,0.6: 1016 1297 
1718,0.2: 2015 
1719,0.6: 678 1782 
1720,0.9: 225 666 865 1659 
1721,0.8: 207 929 1645 
1722,0.8: 1811 1917 2241 
1723,0.6: 65 1975 
1724,0.6: 1361 1653 
1725,0.8: 567 1899 2283 
1726,0.9: 45 534 1406 2052 
1727,0.2: 1922 
1728,0.6: 1023 1275 
1729,0.6: 1821 2278 
1730,0.9: 220 1555 2065 2130 
1731,0.6: 420 1647 
1732,0.8: 597 783 1090 
1733,0.9: 50 840 2183 2342 
1734,0.9: 184 234 1779 2324 
1735,1.1: 707 1277 1470 2076 2088 
1736,0.8: 1747 2038 2093 
1737,1.1: 221 968 1220 1637 1998 2307 
1738,0.2: 2157 
1739,0.6: 4 284 
1740,0.9: 52 1249 1633 2008 
1741,0.6: 1108 2292 
1742,0.6: 0 2290 
1743,0.8: 981 2050 2073 
1744,1.1: 663 808 1298 1302 2062 
1745,1.1: 780 866 1159 1595 2199 
1746,0.9: 115 614 629 940 
1747,0.9: 854 1165 1736 2187 
1748,0.6: 1307 1711 
1749,0.2: 663 
1750,0.2: 676 
1751,0.6: 674 1856 
1752,0.8: 423 1038 2143 
1753,0.6: 658 1391 
1754,1.1: 112 550 972 1526 2157 
1755,0.8: 858 1370 1469 
1756,0.2: 16 
1757,0.9: 580 1422 1949 2212 
1758,1.1: 137 362 586 2089 2278 
1759,1.1: 802 1033 1255 1827 2020 2236 
1760,0.2: 927 
1761,0.6: 361 2308 
1762,0.6: 684 1152 
1763,0.6: 1114 2257 
1764,1.1: 852 1347 1602 1998 2022 
1765,0.9: 437 1184 1707 2309 
1766,1.1: 365 376 1772 1931 2281 
1767,0.2: 1213 
1768,0.2: 2000 
1769,0.2: 776 
1770,0.9: 422 689 2015 2135 
1771,0.8: 717 993 1875 
1772,1.1: 509 1082 1283 1533 1766 2154 
1773,0.8: 342 493 1584 
1774,0.9: 79 1716 1860 1952 
1775,0.9: 95 1438 1835 2070 
1776,0.6: 264 1792 
1777,0.9: 412 664 1822 1910 
1778,0.2: 1375 
1779,0.6: 1734 1785 
1780,0.6: 2097 2222 
1781,0.8: 2156 2180 2291 
1782,0.6: 450 1719 
1783,0.6: 1283 1697 
1784,0.8: 153 1085 1685 
1785,0.8: 410 1282 1779 
1786,0.8: 339 1458 2331 
1787,1.1: 502 780 1001 2072 2215 
1788,0.9: 231 567 1479 2004 
1789,0.9: 551 766 1927 1936 
1790,0.9: 167 575 1132 1937 
1791,0.2: 870 
1792,0.9: 978 1776 1905 2141 
1793,1.1: 28 270 630 1824 1902 
1794,1.1: 714 963 2090 2175 2245 
1795,0.6: 1382 2175 
1796,0.8: 562 934 1810 
1797,0.9: 133 259 1068 1564 
1798,1.1: 117 900 908 1683 2223 
1799,1.1: 1536 1578 1624 1635 1892 
1800,0.2: 662 
1801,0.9: 379 396 2045 2256 
1802,0.9: 187 567 1254 2071 
1803,0.8: 158 1425 1826 
1804,0.9: 306 421 901 1134 
1805,0.2: 683 
1806,1.1: 447 862 1320 1513 1849 
1807,0.8: 662 665 1849 
1808,0.2: 1947 
1809,0.8: 632 1052 1540 
1810,0.2: 1796 
1811,0.6: 1174 1722 
1812,0.2: 160 
1813,0.8: 400 1520 2031 
1814,0.9: 187 814 1080 1428 
1815,1.1: 31 564 618 948 1284 
1816,0.8: 19 39 1318 
1817,1.1: 218 853 1382 1652 2215 
1818,0.2: 2107 
1819,0.6: 528 1596 
1820,0.6: 455 1169 
1821,0.9: 231 479 622 1729 
1822,0.6: 236 1777 
1823,0.8: 1137 1652 2059 
1824,0.9: 566 1099 1793 1993 
1825,0.6: 398 1325 
1826,0.9: 1111 1117 1803 2254 
1827,0.6: 422 1759 
1828,0.8: 413 657 1958 
1829,0.8: 514 603 1403 
1830,0.2: 469 
1831,0.2: 2016 
1832,0.8: 599 939 2105 
1833,0.6: 502 2077 
1834,0.9: 1116 1143 1216 1655 
1835,0.9: 361 507 1138 1775 
1836,0.2: 1687 
1837,0.9: 280 339 779 972 
1838,0.6: 108 851 
1839,0.9: 446 868 1887 2108 
1840,0.8: 1254 1573 2200 
1841,0.8: 575 1399 1676 
1842,0.9: 231 1188 1539 1988 
1843,0.8: 19 118 181 
1844,0.2: 1195 
1845,0.8: 781 1188 2259 
1846,0.8: 7 641 1913 
1847,0.8: 850 882 1043 
1848,0.2: 815 
1849,0.9: 283 1806 1807 2263 
1850,0.6: 91 1247 
1851,0.9: 328 756 982 1467 
1852,0.2: 2002 
1853,0.6: 1004 2323 
1854,1.1: 235 419 1067 1131 1271 2238 
1855,0.8: 1188 1217 2133 
1856,0.8: 654 1665 1751 
1857,0.6: 399 1239 
1858,0.8: 547 1140 2041 
1859,0.9: 593 1503 1970 2141 
1860,1.1: 802 835 1294 1774 2234 
1861,0.2: 2220 
1862,0.6: 765 1956 
1863,0.9: 1131 1332 2029 2158 
1864,0.2: 1095 
1865,0.8: 647 1304 2018 
1866,0.9: 286 578 863 1986 
1867,0.9: 305 559 1339 2011 
1868,0.2: 2065 
1869,0.8: 79 1332 1434 
1870,0.9: 890 1066 1711 2243 
1871,0.9: 754 1402 1438 2204 
1872,0.2: 744 
1873,0.8: 251 1062 1477 
1874,0.6: 1106 1284 
1875,1.1: 32 678 1578 1771 2174 2195 
1876,0.2: 845 
1877,0.8: 153 475 1269 
1878,0.8: 85 153 1460 
1879,0.8: 1083 1403 2061 
1880,1.1: 205 679 882 1588 2096 2234 
1881,0.8: 1446 1610 1689 
1882,0.9: 34 1581 2050 2333 
1883,0.8: 1228 1557 2089 
1884,0.8: 11 1201 2301 
1885,0.6: 1619 1627 
1886,0.6: 491 1329 
1887,0.6: 1618 1839 
1888,0.9: 991 1626 2214 2293 
1889,0.8: 68 2232 2291 
1890,0.6: 164 1267 
1891,0.2: 1119 
1892,1.3: 186 456 1106 1236 1588 1657 1799 2339 
1893,0.2: 1392 
1894,0.8: 496 784 1895 
1895,0.6: 394 1894 
1896,0.6: 1331 1367 
1897,0.9: 156 675 1925 2031 
1898,0.8: 1579 1964 2199 
1899,0.8: 1326 1725 2130 
1900,0.8: 750 1692 2111 
1901,0.2: 1158 
1902,0.6: 999 1793 
1903,0.8: 564 1243 1951 
1904,0.9: 834 1050 1214 1935 
1905,0.9: 926 956 1792 1928 
1906,0.8: 347 1184 1310 
1907,0.9: 19 401 423 2323 
1908,0.9: 788 960 1223 1397 
1909,0.2: 1264 
1910,0.9: 191 363 547 1777 
1911,0.9: 233 724 1157 1381 
1912,0.9: 628 1246 1437 2215 
1913,0.6: 952 1846 
1914,0.8: 792 1313 2331 
1915,0.6: 462 1433 
1916,0.8: 952 2220 2242 
1917,0.9: 643 923 1161 1722 
1918,0.6: 580 2228 
1919,0.2: 1497 
1920,0.6: 424 2336 
1921,0.9: 547 705 1663 1664 
1922,1.1: 501 559 1124 1467 1727 2024 
1923,0.6: 53 1187 
1924,0.6: 1461 2054 
1925,0.8: 1641 1674 1897 
1926,0.6: 338 441 
1927,0.2: 1789 
1928,0.8: 213 1905 2331 
1929,1.1: 768 776 1012 1248 1268 
1930,0.8: 1219 1313 1932 
1931,1.1: 88 594 1181 1440 1766 
1932,1.1: 77 612 694 1930 1978 2224 
1933,1.1: 918 1032 1114 1156 1578 
1934,1.1: 88 297 338 842 1285 
1935,0.8: 313 1904 2061 
1936,1.1: 175 728 863 864 1789 
1937,0.8: 328 1212 1790 
1938,0.9: 563 857 1659 2322 
1939,0.2: 1438 
1940,0.6: 1382 2012 
1941,0.2: 1572 
1942,0.8: 604 636 952 
1943,0.8: 835 1406 1689 
1944,0.2: 1312 
1945,0.9: 682 743 941 1357 
1946,0.9: 395 468 473 2177 
1947,0.8: 712 1808 2065 
1948,0.2: 1691 
1949,1.1: 44 273 1400 1757 2113 
1950,0.8: 1009 2019 2020 
1951,1.1: 98 850 1262 1903 2222 
1952,0.9: 470 701 1774 2170 
1953,0.2: 588 
1954,0.2: 473 
1955,0.9: 71 1061 2220 2250 
1956,0.8: 590 899 1862 
1957,0.2: 1604 
1958,0.9: 140 1257 1637 1828 
1959,0.2: 2148 
1960,0.6: 1330 1500 
1961,0.8: 702 1023 2189 
1962,0.6: 1180 1289 
1963,0.8: 390 404 905 
1964,0.9: 252 824 1484 1898 
1965,0.2: 748 
1966,0.6: 576 1459 
1967,0.9: 231 292 437 507 
1968,0.9: 711 1271 2106 2150 
1969,0.2: 1456 
1970,0.6: 39 1859 
1971,0.2: 1194 
1972,0.2: 165 
1973,1.1: 276 650 798 1025 2117 
1974,0.9: 77 841 1437 1626 
1975,0.2: 1723 
1976,0.2: 610 
1977,0.2: 745 
1978,1.2: 339 678 1212 1377 1414 1448 1932 
1979,0.8: 408 872 1072 
1980,0.9: 59 544 918 1352 
1981,0.6: 1639 2030 
1982,0.9: 63 318 1517 1572 
1983,0.8: 112 345 1002 
1984,0.6: 352 1623 
1985,0.8: 798 1700 2098 
1986,1.1: 100 558 1866 2011 2178 
1987,0.6: 64 86 
1988,1.1: 155 949 1842 2042 2242 
1989,0.9: 24 580 915 1630 
1990,0.2: 2085 
1991,0.6: 177 235 
1992,1.1: 560 881 1409 1705 2288 
1993,1.1: 292 321 499 1626 1824 2063 
1994,0.8: 985 1256 1331 
1995,0.6: 488 1377 
1996,0.9: 255 524 1179 1397 
1997,0.6: 1274 1459 
1998,0.9: 291 1349 1737 1764 
1999,0.2: 418 
2000,0.6: 1418 1768 
2001,0.6: 247 1043 
2002,0.6: 289 1852 
2003,0.6: 900 1492 
2004,0.6: 741 1788 
2005,0.9: 187 994 2032 2265 
2006,0.2: 660 
2007,0.9: 227 978 1412 2319 
2008,0.9: 89 1740 2060 2094 
2009,0.8: 1120 2113 2339 
2010,0.6: 697 1448 
2011,1.1: 620 727 1867 1986 2339 
2012,0.8: 1940 2207 2209 
2013,0.6: 522 2074 
2014,0.8: 48 659 1117 
2015,0.6: 1718 1770 
2016,0.8: 1483 1831 2164 
2017,0.6: 1281 1441 
2018,1.1: 141 333 1245 1461 1865 2232 
2019,0.9: 140 1210 1950 2220 
2020,0.9: 309 633 1759 1950 
2021,0.8: 470 2043 2297 
2022,1.2: 370 1064 1178 1764 2061 2099 2317 
2023,0.6: 1356 2129 
2024,0.8: 1172 1378 1922 
2025,0.2: 1088 
2026,0.6: 1132 1432 
2027,0.6: 507 1556 
2028,0.8: 84 1401 2069 
2029,0.8: 161 216 1863 
2030,1.1: 1204 1695 1981 2162 2307 
2031,0.9: 622 838 1813 1897 
2032,0.2: 2005 
2033,1.1: 19 807 916 1329 2098 
2034,0.2: 1708 
2035,0.6: 975 1226 
2036,0.6: 339 2043 
2037,0.9: 764 1514 1671 1705 
2038,0.9: 1138 1207 1545 1736 
2039,1.1: 604 774 1048 1179 1554 1575 
2040,0.6: 482 1331 
2041,1.1: 396 479 1351 1358 1858 2173 
2042,1.1: 63 392 568 982 1988 
2043,1.1: 138 740 1359 2021 2036 
2044,0.2: 1483 
2045,0.6: 1298 1801 
2046,0.2: 1002 
2047,0.9: 1031 1104 1500 2273 
2048,0.8: 986 1231 1493 
2049,0.6: 281 765 
2050,1.1: 800 833 989 1195 1743 1882 
2051,0.6: 606 758 
2052,0.6: 357 1726 
2053,0.6: 537 2286 
2054,0.9: 5 331 796 1924 
2055,0.8: 315 850 882 
2056,0.6: 1248 2307 
2057,0.2: 1184 
2058,0.9: 612 803 1084 1375 
2059,0.9: 127 1527 1555 1823 
2060,0.2: 2008 
2061,0.9: 1433 1879 1935 2022 
2062,0.8: 803 1744 2130 
2063,0.8: 344 848 1993 
2064,1.1: 373 428 584 692 1335 
2065,0.9: 1730 1868 1947 2110 
2066,0.6: 220 286 
2067,0.8: 667 1352 1621 
2068,0.9: 932 933 1147 2258 
2069,1.1: 593 777 995 1233 2028 2141 
2070,0.6: 781 1775 
2071,1.2: 221 483 1174 1397 1802 2304 2338 
2072,1.1: 181 237 325 735 1468 1787 
2073,0.8: 672 1743 2176 
2074,1.1: 162 285 975 1066 2013 2174 
2075,0.8: 39 121 581 
2076,0.2: 1735 
2077,0.2: 1833 
2078,0.9: 453 1521 1662 2141 
2079,0.6: 30 620 
2080,0.6: 273 636 
2081,1.2: 3 856 1638 2188 2285 2293 2306 
2082,0.8: 1196 1404 2232 
2083,0.2: 379 
2084,0.8: 1327 1643 2175 
2085,0.6: 978 1990 
2086,0.6: 499 1603 
2087,0.2: 1089 
2088,1.3: 14 532 679 1144 1218 1735 2139 2283 
2089,0.8: 928 1758 1883 
2090,0.6: 1474 1794 
2091,0.2: 251 
2092,1.1: 276 317 1525 2095 2125 2319 
2093,0.9: 693 913 1736 2340 
2094,1.1: 403 651 1087 1306 1571 2008 
2095,0.6: 454 2092 
2096,0.8: 87 841 1880 
2097,0.9: 586 932 1780 2307 
2098,1.1: 378 1618 1985 2033 2253 
2099,0.9: 49 1339 1413 2022 
2100,0.6: 982 2288 
2101,0.6: 1142 1322 
2102,0.6: 1681 2311 
2103,0.6: 481 1084 
2104,0.8: 307 725 1503 
2105,0.6: 1082 1832 
2106,0.8: 164 1968 2205 
2107,0.8: 1521 1600 1818 
2108,0.2: 1839 
2109,1.1: 585 1013 1360 2195 2306 
2110,0.8: 1466 2065 2270 
2111,0.6: 738 1900 
2112,0.9: 476 592 684 1035 
2113,1.1: 625 1432 1560 1949 2009 
2114,0.6: 1370 1527 
2115,0.8: 348 1093 1283 
2116,0.2: 2296 
2117,0.8: 833 1710 1973 
2118,0.6: 877 1674 
2119,1.1: 97 474 1427 2210 2324 
2120,0.2: 98 
2121,0.2: 1427 
2122,1.1: 619 935 1478 1706 2291 
2123,0.9: 746 930 1662 2285 
2124,0.2: 1580 
2125,1.1: 562 580 1477 1575 2092 
2126,0.9: 442 552 716 1111 
2127,1.2: 82 126 298 633 764 968 1389 
2128,0.8: 1404 2248 2335 
2129,1.1: 208 946 1062 1143 2023 
2130,1.1: 287 370 489 1730 1899 2062 
2131,0.2: 1009 
2132,0.2: 396 
2133,0.8: 667 751 1855 
2134,0.8: 753 1412 2333 
2135,0.8: 1155 1770 2328 
2136,0.6: 339 856 
2137,0.2: 1010 
2138,0.8: 440 538 2170 
2139,0.8: 284 1365 2088 
2140,0.8: 350 395 1352 
2141,1.1: 865 1792 1859 2069 2078 
2142,0.8: 77 296 668 
2143,0.9: 215 1105 1671 1752 
2144,0.9: 232 719 872 1644 
2145,0.2: 2194 
2146,0.9: 262 492 1083 2282 
2147,0.8: 573 1224 1620 
2148,0.9: 812 957 1312 1959 
2149,0.8: 666 703 2151 
2150,0.6: 1061 1968 
2151,0.9: 633 1092 2149 2220 
2152,0.2: 1241 
2153,1.1: 297 594 739 892 1467 
2154,0.8: 98 1610 1772 
2155,1.1: 191 966 1416 1646 2336 
2156,0.8: 644 1781 2276 
2157,1.1: 1 243 868 1738 1754 
2158,0.6: 370 1863 
2159,0.2: 326 
2160,0.2: 1672 
2161,0.2: 397 
2162,1.1: 577 638 1204 1474 2030 2178 
2163,0.2: 2338 
2164,1.1: 293 720 935 1427 2016 
2165,0.2: 281 
2166,0.6: 365 788 
2167,0.8: 721 1403 2247 
2168,0.8: 967 1330 2296 
2169,0.9: 241 828 1022 2297 
2170,1.3: 13 24 70 276 871 1441 1952 2138 
2171,0.8: 550 1499 1500 
2172,0.8: 165 1259 2343 
2173,1.1: 611 1235 1338 1400 1551 2041 
2174,0.9: 196 1875 2074 2191 
2175,0.9: 519 1794 1795 2084 
2176,0.2: 2073 
2177,0.8: 337 1171 1946 
2178,1.1: 265 442 985 1986 2162 
2179,0.2: 1631 
2180,1.1: 115 169 382 1064 1781 
2181,0.2: 262 
2182,0.2: 1690 
2183,0.9: 942 1534 1582 1733 
2184,0.2: 2285 
2185,0.2: 387 
2186,0.8: 1195 1659 2301 
2187,0.8: 42 498 1747 
2188,0.9: 334 434 2081 2306 
2189,0.2: 1961 
2190,1.1: 455 566 1646 1685 2217 
2191,1.1: 621 791 1142 1633 2174 
2192,0.6: 25 1434 
2193,0.2: 2291 
2194,1.1: 149 164 879 1007 2145 
2195,1.1: 132 302 904 917 1875 2109 
2196,0.6: 383 952 
2197,0.8: 468 653 1236 
2198,0.2: 483 
2199,1.1: 387 727 1745 1898 2298 
2200,0.9: 57 818 1526 1840 
2201,0.6: 636 988 
2202,0.8: 889 899 1610 
2203,0.6: 1600 2337 
2204,1.1: 385 441 527 784 1871 
2205,0.8: 278 526 2106 
2206,0.2: 1062 
2207,0.8: 856 1126 2012 
2208,0.8: 181 438 536 
2209,0.6: 1644 2012 
2210,0.8: 597 1472 2119 
2211,0.6: 349 1636 
2212,0.6: 562 1757 
2213,0.2: 2314 
2214,0.9: 511 618 756 1888 
2215,1.1: 568 1177 1401 1787 1817 1912 
2216,0.6: 384 1089 
2217,0.8: 371 1709 2190 
2218,0.2: 1369 
2219,0.2: 675 
2220,1.3: 729 1529 1861 1916 1955 2019 2151 2273 
2221,0.8: 277 678 1113 
2222,1.1: 578 822 1007 1780 1951 
2223,1.1: 49 218 586 1122 1159 1798 
2224,0.9: 410 1002 1227 1932 
2225,1.1: 322 586 804 954 974 1536 
2226,0.6: 76 1057 
2227,0.2: 1354 
2228,0.8: 1424 1679 1918 
2229,0.9: 6 1005 1690 2284 
2230,0.2: 140 
2231,0.2: 613 
2232,0.9: 87 1889 2018 2082 
2233,0.2: 716 
2234,0.8: 855 1860 1880 
2235,0.8: 63 1473 2312 
2236,1.1: 528 693 1133 1232 1759 
2237,0.6: 448 2303 
2238,0.2: 1854 
2239,0.8: 560 739 1415 
2240,1.1: 57 311 1207 1477 2315 
2241,1.1: 175 811 1054 1168 1722 
2242,1.1: 10 123 524 1916 1988 
2243,0.6: 849 1870 
2244,0.9: 473 800 1408 1656 
2245,0.9: 519 1169 1794 2249 
2246,0.6: 485 1555 
2247,0.9: 10 520 1043 2167 
2248,0.8: 706 959 2128 
2249,0.9: 137 269 1506 2245 
2250,0.9: 521 528 1714 1955 
2251,0.2: 118 
2252,0.6: 1042 1162 
2253,0.8: 265 1130 2098 
2254,0.9: 765 1183 1601 1826 
2255,0.6: 383 1004 
2256,0.8: 113 937 1801 
2257,0.6: 312 1763 
2258,0.6: 1001 2068 
2259,0.6: 1497 1845 
2260,0.8: 199 754 1417 
2261,0.2: 647 
2262,0.8: 758 1498 1564 
2263,1.1: 88 659 746 964 1241 1849 
2264,0.2: 296 
2265,1.3: 412 790 892 1080 1141 1323 1559 1654 2005 
2266,0.2: 1135 
2267,0.6: 593 744 
2268,0.6: 102 1051 
2269,0.6: 152 2341 
2270,0.8: 818 1651 2110 
2271,0.6: 976 1474 
2272,0.6: 370 1166 
2273,0.8: 1236 2047 2220 
2274,0.8: 268 964 1480 
2275,0.2: 444 
2276,0.2: 2156 
2277,0.8: 139 644 866 
2278,0.8: 865 1729 1758 
2279,0.8: 863 1189 1716 
2280,0.9: 382 633 712 1500 
2281,0.8: 336 1226 1766 
2282,1.1: 417 883 922 1201 2146 
2283,1.1: 359 452 1430 1596 1725 2088 
2284,0.8: 305 1165 2229 
2285,1.1: 648 927 1298 2081 2123 2184 
2286,0.6: 359 2053 
2287,0.2: 348 
2288,0.9: 921 1634 1992 2100 
2289,0.9: 382 759 1376 1686 
2290,0.8: 199 413 1742 
2291,1.1: 371 1781 1889 2122 2193 
2292,0.6: 107 1741 
2293,0.8: 111 1888 2081 
2294,0.2: 849 
2295,0.2: 1372 
2296,0.9: 474 1385 2116 2168 
2297,0.6: 2021 2169 
2298,0.8: 960 1364 2199 
2299,0.2: 60 
2300,0.6: 1320 1540 
2301,0.6: 1884 2186 
2302,0.6: 143 325 
2303,0.8: 783 1607 2237 
2304,0.8: 517 766 2071 
2305,0.6: 607 1561 
2306,0.9: 432 2081 2109 2188 
2307,1.1: 148 1737 2030 2056 2097 
2308,1.2: 71 590 1019 1528 1649 1663 1761 
2309,0.8: 605 813 1765 
2310,0.6: 884 1389 
2311,0.9: 380 473 850 2102 
2312,0.2: 2235 
2313,0.6: 37 310 
2314,1.1: 111 391 1002 1033 1224 2213 
2315,0.8: 258 1054 2240 
2316,0.2: 1515 
2317,0.8: 386 855 2022 
2318,0.8: 47 904 1476 
2319,0.8: 293 2007 2092 
2320,0.6: 347 1315 
2321,0.2: 367 
2322,0.2: 1938 
2323,0.8: 1313 1853 1907 
2324,1.1: 22 1504 1569 1679 1734 2119 
2325,0.2: 952 
2326,0.6: 1339 1660 
2327,0.2: 1128 
2328,0.6: 330 2135 
2329,0.6: 449 1198 
2330,1.1: 34 72 598 639 851 
2331,1.2: 36 576 728 1278 1786 1914 1928 
2332,0.8: 198 222 329 
2333,0.8: 638 1882 2134 
2334,0.2: 1077 
2335,0.2: 2128 
2336,0.6: 1920 2155 
2337,0.6: 736 2203 
2338,1.1: 425 1121 1460 2071 2163 
2339,0.9: 1434 1892 2009 2011 
2340,0.8: 585 1551 2093 
2341,0.8: 106 961 2269 
2342,0.6: 1240 1733 
2343,1.3: 1024 1213 1229 1346 1546 1642 1716 2172 
