466 
0,0.6: 288 369 
1,0.9: 158 195 336 384 
2,0.9: 14 75 265 411 
3,0.6: 55 196 
4,1.1: 40 156 189 429 438 
5,0.6: 71 95 
6,0.8: 108 286 356 
7,0.6: 244 445 
8,0.6: 180 389 
9,0.8: 32 122 241 
10,1.1: 15 39 225 346 387 
11,0.8: 104 227 270 
12,0.8: 100 239 301 
13,0.6: 42 302 
14,0.9: 2 26 157 405 
15,1.2: 10 29 56 282 349 450 460 
16,0.9: 113 175 310 456 
17,0.8: 125 302 418 
18,1.1: 46 156 387 436 459 
19,0.8: 148 200 423 
20,0.9: 136 178 250 329 
21,0.8: 339 435 442 
22,1.1: 46 185 209 258 370 420 
23,0.6: 91 119 
24,0.2: 346 
25,1.1: 46 88 111 229 259 
26,0.6: 14 146 
27,0.2: 401 
28,0.6: 399 419 
29,1.1: 15 150 173 446 464 
30,0.6: 242 309 
31,0.6: 354 358 
32,0.6: 9 66 
33,0.8: 60 78 182 
34,0.6: 111 396 
35,0.2: 43 
36,0.8: 234 290 344 
37,0.8: 231 339 375 
38,0.6: 239 309 
39,0.9: 10 73 234 323 
40,0.8: 4 271 376 
41,0.8: 92 96 274 
42,0.9: 13 125 238 352 
43,1.1: 35 146 147 238 399 404 
44,0.2: 113 
45,0.6: 66 317 
46,1.3: 18 22 25 141 165 216 393 394 
47,0.6: 133 433 
48,0.9: 87 175 277 460 
49,0.9: 57 61 361 415 
50,0.8: 160 237 412 
51,0.6: 265 460 
52,0.2: 257 
53,0.9: 260 264 433 453 
54,0.6: 415 465 
55,0.8: 3 59 414 
56,0.6: 15 424 
57,1.1: 49 226 236 313 423 
58,0.9: 71 115 326 346 
59,1.1: 55 182 206 215 273 
60,1.1: 33 61 89 90 323 
61,1.2: 49 60 116 217 329 353 455 
62,0.6: 137 400 
63,0.8: 92 266 402 
64,0.6: 293 303 
65,0.8: 335 358 419 
66,0.8: 32 45 447 
67,0.2: 196 
68,0.2: 201 
69,0.8: 189 282 344 
70,0.2: 171 
71,1.2: 5 58 128 173 275 288 350 
72,0.2: 211 
73,1.1: 39 81 94 99 160 167 
74,0.6: 78 108 
75,1.1: 2 92 266 270 400 420 
76,0.9: 149 209 275 408 
77,0.8: 235 289 318 
78,1.1: 33 74 100 244 366 
79,1.1: 118 226 292 305 362 455 
80,0.6: 176 456 
81,0.9: 73 86 206 249 
82,0.8: 103 185 285 
83,0.6: 246 320 
84,0.6: 143 380 
85,0.8: 217 345 452 
86,0.9: 81 290 335 451 
87,0.6: 48 306 
88,0.6: 25 385 
89,0.9: 60 152 387 399 
90,0.9: 60 179 273 411 
91,0.9: 23 125 376 431 
92,1.1: 41 63 75 344 444 
93,0.8: 106 243 268 
94,0.8: 73 101 118 
95,0.9: 5 197 296 447 
96,0.9: 41 156 310 321 
97,0.6: 133 368 
98,0.8: 185 347 437 
99,0.9: 73 191 223 292 
100,0.9: 12 78 215 372 
101,0.6: 94 159 
102,0.6: 121 360 
103,1.1: 82 219 287 383 409 
104,0.8: 11 285 310 
105,0.8: 212 216 260 
106,1.1: 93 144 224 296 460 
107,0.9: 235 305 329 455 
108,1.1: 6 74 126 259 276 443 
109,0.2: 320 
110,0.8: 206 235 349 
111,1.1: 25 34 206 233 398 
112,0.2: 150 
113,0.8: 16 44 136 
114,0.6: 174 246 
115,0.6: 58 442 
116,0.8: 61 220 417 
117,0.8: 196 338 375 
118,0.8: 79 94 342 
119,0.9: 23 130 352 451 
120,0.6: 172 198 
121,0.6: 102 395 
122,0.9: 9 148 245 373 
123,0.6: 140 347 
124,0.2: 326 
125,1.2: 17 42 91 190 205 269 319 
126,0.8: 108 230 411 
127,0.6: 254 420 
128,0.6: 71 266 
129,0.9: 269 355 379 411 
130,0.9: 119 156 161 316 
131,0.8: 269 291 296 
132,0.2: 166 
133,0.9: 47 97 289 319 
134,0.8: 180 398 413 
135,0.6: 138 347 
136,0.6: 20 113 
137,0.6: 62 151 
138,0.6: 135 328 
139,0.8: 151 287 401 
140,0.6: 123 421 
141,0.8: 46 257 454 
142,0.9: 251 365 398 448 
143,0.2: 84 
144,0.9: 106 270 303 463 
145,0.2: 304 
146,1.1: 26 43 154 155 220 418 
147,0.6: 43 349 
148,1.1: 19 122 287 357 452 
149,0.8: 76 280 291 
150,0.9: 29 112 392 463 
151,0.8: 137 139 423 
152,0.9: 89 308 330 464 
153,0.6: 174 196 
154,0.9: 146 211 428 433 
155,0.9: 146 157 170 346 
156,1.2: 4 18 96 130 338 362 436 
157,1.3: 14 155 181 220 337 413 419 463 
158,0.2: 1 
159,0.8: 101 291 422 
160,0.6: 50 73 
161,0.6: 130 428 
162,0.2: 376 
163,0.6: 428 435 
164,0.2: 461 
165,0.6: 46 459 
166,0.6: 132 370 
167,0.2: 73 
168,0.6: 216 281 
169,0.2: 364 
170,0.2: 155 
171,0.6: 70 297 
172,0.8: 120 239 446 
173,0.6: 29 71 
174,0.9: 114 153 193 423 
175,1.1: 16 48 248 353 437 
176,0.9: 80 179 291 432 
177,0.2: 199 
178,0.9: 20 396 418 449 
179,1.1: 90 176 314 339 371 
180,0.8: 8 134 402 
181,0.6: 157 379 
182,0.6: 33 59 
183,0.6: 343 361 
184,0.6: 383 440 
185,0.9: 22 82 98 411 
186,0.2: 229 
187,0.9: 230 306 430 436 
188,0.2: 198 
189,0.8: 4 69 241 
190,0.2: 125 
191,0.2: 99 
192,0.6: 290 409 
193,0.8: 174 200 433 
194,0.9: 347 391 413 458 
195,0.6: 1 306 
196,1.1: 3 67 117 153 229 366 
197,0.8: 95 291 429 
198,1.1: 120 188 215 238 263 
199,0.2: 177 
200,0.6: 19 193 
201,1.1: 68 288 314 333 339 
202,0.2: 270 
203,0.2: 392 
204,0.6: 254 392 
205,0.6: 125 449 
206,1.1: 59 81 110 111 321 
207,0.2: 306 
208,0.2: 406 
209,0.9: 22 76 417 425 
210,0.2: 365 
211,1.1: 72 154 313 435 443 
212,0.9: 105 284 352 367 
213,0.2: 346 
214,0.2: 451 
215,1.1: 59 100 198 254 265 
216,1.1: 46 105 168 271 302 
217,0.9: 61 85 278 325 
218,0.9: 232 268 346 410 
219,0.6: 103 300 
220,1.1: 116 146 157 297 444 
221,0.2: 331 
222,0.6: 256 427 
223,0.9: 99 228 339 387 
224,0.6: 106 235 
225,0.6: 10 359 
226,0.8: 57 79 348 
227,0.6: 11 247 
228,0.9: 223 367 384 431 
229,1.1: 25 186 196 441 449 
230,1.1: 126 187 284 354 448 
231,0.8: 37 354 363 
232,0.2: 218 
233,0.9: 111 341 346 451 
234,0.9: 36 39 255 313 
235,1.1: 77 107 110 224 261 382 
236,0.2: 57 
237,0.8: 50 316 362 
238,1.1: 42 43 198 378 446 
239,0.9: 12 38 172 254 
240,0.2: 323 
241,0.9: 9 189 256 370 
242,0.6: 30 350 
243,0.2: 93 
244,0.8: 7 78 303 
245,0.6: 122 386 
246,0.8: 83 114 434 
247,0.6: 227 345 
248,0.9: 175 266 296 350 
249,0.2: 81 
250,0.2: 20 
251,0.6: 142 388 
252,0.9: 374 385 410 451 
253,0.6: 314 412 
254,0.9: 127 204 215 239 
255,0.9: 234 348 354 408 
256,0.6: 222 241 
257,0.9: 52 141 430 461 
258,0.2: 22 
259,0.6: 25 108 
260,1.1: 53 105 286 291 400 
261,0.6: 235 398 
262,0.8: 279 323 337 
263,0.6: 198 264 
264,0.8: 53 263 287 
265,0.9: 2 51 215 378 
266,1.1: 63 75 128 248 299 428 
267,0.9: 313 389 436 456 
268,0.8: 93 218 444 
269,0.8: 125 129 131 
270,0.9: 11 75 144 202 
271,0.8: 40 216 362 
272,0.8: 347 364 393 
273,0.8: 59 90 408 
274,0.2: 41 
275,1.1: 71 76 294 338 381 
276,0.6: 108 445 
277,0.6: 48 383 
278,0.2: 217 
279,0.8: 262 328 373 
280,0.2: 149 
281,0.6: 168 322 
282,0.6: 15 69 
283,0.2: 368 
284,0.8: 212 230 423 
285,0.9: 82 104 335 407 
286,0.9: 6 260 308 390 
287,1.1: 103 139 148 264 300 
288,0.9: 0 71 201 323 
289,0.9: 77 133 385 459 
290,0.9: 36 86 192 418 
291,1.3: 131 149 159 176 197 260 318 333 
292,0.8: 79 99 408 
293,0.2: 64 
294,0.6: 275 444 
295,0.6: 351 436 
296,0.9: 95 106 131 248 
297,0.9: 171 220 345 447 
298,0.2: 439 
299,0.6: 266 404 
300,0.6: 219 287 
301,0.6: 12 302 
302,0.9: 13 17 216 301 
303,0.9: 64 144 244 360 
304,0.2: 145 
305,0.9: 79 107 316 378 
306,1.1: 87 187 195 207 445 
307,0.6: 381 391 
308,0.9: 152 286 377 447 
309,0.9: 30 38 345 458 
310,0.9: 16 96 104 341 
311,0.6: 335 374 
312,0.2: 421 
313,1.1: 57 211 234 267 323 
314,0.9: 179 201 253 440 
315,0.2: 335 
316,1.1: 130 237 305 365 397 447 
317,0.2: 45 
318,0.8: 77 291 334 
319,0.9: 125 133 394 403 
320,0.6: 83 109 
321,0.6: 96 206 
322,0.6: 281 410 
323,1.2: 39 60 240 262 288 313 446 
324,0.6: 372 375 
325,0.2: 217 
326,0.6: 58 124 
327,0.6: 409 453 
328,0.6: 138 279 
329,0.8: 20 61 107 
330,0.2: 152 
331,0.6: 221 381 
332,0.9: 383 405 407 459 
333,1.1: 201 291 404 436 440 
334,0.8: 318 419 432 
335,1.1: 65 86 285 311 315 
336,0.2: 1 
337,0.8: 157 262 422 
338,0.8: 117 156 275 
339,1.1: 21 37 179 201 223 
340,0.2: 462 
341,0.9: 233 310 424 446 
342,0.6: 118 424 
343,0.2: 183 
344,0.9: 36 69 92 417 
345,0.9: 85 247 297 309 
346,1.2: 10 24 58 155 213 218 233 
347,1.1: 98 123 135 194 272 
348,0.6: 226 255 
349,0.8: 15 110 147 
350,0.9: 71 242 248 389 
351,0.2: 295 
352,0.8: 42 119 212 
353,0.6: 61 175 
354,0.9: 31 230 231 255 
355,0.2: 129 
356,0.2: 6 
357,0.2: 148 
358,0.6: 31 65 
359,0.6: 225 360 
360,0.9: 102 303 359 401 
361,0.6: 49 183 
362,0.9: 79 156 237 271 
363,0.6: 231 372 
364,0.8: 169 272 372 
365,0.8: 142 210 316 
366,0.6: 78 196 
367,0.6: 212 228 
368,0.8: 97 283 386 
369,0.6: 0 444 
370,0.8: 22 166 241 
371,0.2: 179 
372,0.9: 100 324 363 364 
373,0.6: 122 279 
374,0.6: 252 311 
375,0.8: 37 117 324 
376,0.9: 40 91 162 446 
377,0.6: 308 422 
378,0.9: 238 265 305 453 
379,0.9: 129 181 416 436 
380,0.2: 84 
381,0.8: 275 307 331 
382,0.6: 235 450 
383,0.9: 103 184 277 332 
384,0.6: 1 228 
385,0.8: 88 252 289 
386,0.6: 245 368 
387,0.9: 10 18 89 223 
388,0.6: 251 449 
389,0.8: 8 267 350 
390,0.2: 286 
391,0.6: 194 307 
392,1.1: 150 203 204 417 442 
393,0.6: 46 272 
394,0.6: 46 319 
395,0.2: 121 
396,0.8: 34 178 461 
397,0.2: 316 
398,1.1: 111 134 142 261 430 
399,0.8: 28 43 89 
400,0.8: 62 75 260 
401,0.8: 27 139 360 
402,0.6: 63 180 
403,0.6: 319 406 
404,0.8: 43 299 333 
405,0.6: 14 332 
406,0.8: 208 403 450 
407,0.6: 285 332 
408,1.1: 76 255 273 292 457 
409,0.8: 103 192 327 
410,0.8: 218 252 322 
411,1.1: 2 90 126 129 185 
412,0.6: 50 253 
413,0.8: 134 157 194 
414,0.6: 55 463 
415,0.6: 49 54 
416,0.6: 379 419 
417,0.9: 116 209 344 392 
418,0.9: 17 146 178 290 
419,1.1: 28 65 157 334 416 
420,0.8: 22 75 127 
421,0.6: 140 312 
422,0.9: 159 337 377 434 
423,1.1: 19 57 151 174 284 
424,0.8: 56 341 342 
425,0.2: 209 
426,0.2: 447 
427,0.2: 222 
428,0.9: 154 161 163 266 
429,0.8: 4 197 447 
430,0.8: 187 257 398 
431,0.8: 91 228 440 
432,0.8: 176 334 439 
433,0.9: 47 53 154 193 
434,0.6: 246 422 
435,0.9: 21 163 211 450 
436,1.2: 18 156 187 267 295 333 379 
437,0.6: 98 175 
438,0.2: 4 
439,0.8: 298 432 452 
440,0.9: 184 314 333 431 
441,0.2: 229 
442,0.8: 21 115 392 
443,0.6: 108 211 
444,1.1: 92 220 268 294 369 451 
445,0.8: 7 276 306 
446,1.1: 29 172 238 323 341 376 
447,1.2: 66 95 297 308 316 426 429 
448,0.6: 142 230 
449,0.9: 178 205 229 388 
450,0.9: 15 382 406 435 
451,1.1: 86 119 214 233 252 444 
452,0.8: 85 148 439 
453,0.9: 53 327 378 460 
454,0.6: 141 459 
455,0.8: 61 79 107 
456,0.8: 16 80 267 
457,0.2: 408 
458,0.6: 194 309 
459,1.1: 18 165 289 332 454 
460,1.1: 15 48 51 106 453 461 
461,0.9: 164 257 396 460 
462,0.6: 340 464 
463,0.9: 144 150 157 414 
464,0.8: 29 152 462 
465,0.2: 54 
