941 
0,0.8: 46 155 313 
1,1.1: 198 479 511 559 796 
2,0.6: 30 660 
3,0.8: 650 682 935 
4,0.6: 126 278 
5,1.1: 297 397 544 864 891 
6,0.6: 548 843 
7,0.9: 48 197 353 764 
8,1.1: 245 375 684 799 930 
9,0.6: 494 843 
10,0.8: 118 594 860 
11,1.2: 110 174 204 361 382 423 576 
12,0.2: 98 
13,0.6: 125 632 
14,1.1: 319 675 717 746 929 
15,0.8: 541 588 801 
16,0.9: 278 722 738 784 
17,0.8: 31 811 901 
18,0.9: 216 372 615 828 
19,0.2: 423 
20,1.2: 101 184 338 421 483 575 815 
21,1.1: 203 378 757 847 892 
22,0.6: 100 331 
23,0.8: 121 251 709 
24,0.6: 121 236 
25,1.1: 105 328 394 511 778 
26,1.1: 54 206 455 676 776 780 
27,0.6: 406 414 
28,0.8: 240 245 367 
29,0.9: 386 618 823 842 
30,0.9: 2 405 609 772 
31,1.1: 17 82 568 703 824 
32,1.2: 312 391 595 693 793 888 924 
33,0.6: 189 469 
34,0.6: 131 884 
35,0.2: 364 
36,0.9: 320 496 736 852 
37,0.2: 604 
38,0.2: 392 
39,0.9: 124 582 665 710 
40,0.2: 863 
41,0.6: 111 814 
42,0.6: 535 799 
43,0.6: 468 752 
44,1.1: 49 135 736 795 814 
45,1.2: 114 236 445 571 675 705 830 
46,0.8: 0 435 809 
47,0.8: 62 207 570 
48,0.8: 7 573 583 
49,0.9: 44 84 389 618 
50,0.8: 592 644 881 
51,0.9: 435 560 692 884 
52,0.8: 797 921 922 
53,0.8: 490 664 917 
54,0.8: 26 137 869 
55,0.2: 526 
56,0.6: 527 738 
57,0.8: 281 319 849 
58,0.8: 379 432 754 
59,0.2: 815 
60,0.6: 615 720 
61,0.6: 366 377 
62,0.6: 47 149 
63,0.6: 847 854 
64,0.8: 716 789 807 
65,1.1: 87 187 569 609 739 
66,0.2: 220 
67,1.1: 212 290 639 732 853 
68,0.9: 71 442 748 797 
69,0.2: 351 
70,0.9: 254 724 788 883 
71,0.2: 68 
72,0.2: 641 
73,1.1: 116 276 314 469 930 
74,0.2: 557 
75,0.8: 181 259 713 
76,1.1: 192 239 612 761 779 801 
77,0.9: 106 181 366 482 
78,1.1: 230 597 634 704 747 822 
79,0.6: 194 849 
80,0.8: 450 787 871 
81,0.8: 97 549 705 
82,0.2: 31 
83,0.2: 417 
84,0.8: 49 397 604 
85,0.2: 603 
86,0.6: 282 341 
87,0.6: 65 687 
88,0.2: 310 
89,0.2: 686 
90,0.6: 164 412 
91,1.1: 297 421 654 672 932 
92,0.8: 384 558 657 
93,0.2: 766 
94,0.8: 367 428 544 
95,0.2: 162 
96,1.1: 122 224 336 618 743 
97,0.8: 81 805 814 
98,0.9: 12 230 704 788 
99,0.8: 460 497 826 
100,0.8: 22 124 799 
101,0.6: 20 442 
102,0.2: 608 
103,0.6: 306 408 
104,1.1: 327 730 751 764 877 
105,0.9: 25 233 445 653 
106,0.8: 77 518 749 
107,0.6: 746 875 
108,0.9: 118 212 282 402 
109,0.2: 401 
110,0.8: 11 248 696 
111,0.6: 41 193 
112,0.6: 712 772 
113,1.1: 127 155 211 612 659 
114,0.8: 45 203 614 
115,0.9: 204 286 462 886 
116,0.8: 73 172 329 
117,0.2: 168 
118,1.1: 10 108 167 461 528 648 
119,0.9: 417 515 524 681 
120,0.9: 453 604 756 940 
121,0.9: 23 24 190 363 
122,0.9: 96 229 519 629 
123,0.6: 137 687 
124,0.8: 39 100 755 
125,0.6: 13 690 
126,0.6: 4 719 
127,0.8: 113 335 728 
128,0.6: 347 813 
129,0.2: 280 
130,0.6: 493 870 
131,0.8: 34 765 927 
132,0.2: 372 
133,0.2: 206 
134,0.2: 288 
135,0.9: 44 677 908 921 
136,1.1: 177 402 475 645 669 759 
137,0.6: 54 123 
138,0.8: 271 612 914 
139,0.6: 457 802 
140,0.2: 164 
141,0.8: 405 516 897 
142,0.9: 215 235 807 815 
143,0.6: 402 880 
144,0.8: 164 333 624 
145,0.8: 349 469 719 
146,0.6: 264 436 
147,0.8: 342 666 768 
148,0.6: 464 885 
149,1.1: 62 196 531 544 791 
150,0.6: 289 752 
151,0.6: 302 450 
152,0.2: 852 
153,0.6: 252 813 
154,0.8: 186 713 932 
155,0.9: 0 113 234 292 
156,0.6: 540 553 
157,0.6: 675 838 
158,1.1: 251 424 443 609 651 781 
159,0.9: 397 538 663 819 
160,0.6: 679 817 
161,0.2: 574 
162,0.2: 95 
163,0.9: 311 495 529 773 
164,0.9: 90 140 144 725 
165,0.8: 255 620 643 
166,0.9: 506 539 708 810 
167,1.1: 118 187 368 406 510 
168,0.6: 117 240 
169,0.6: 772 888 
170,0.9: 429 518 653 689 
171,0.8: 394 849 894 
172,0.8: 116 218 231 
173,1.1: 266 513 667 725 771 909 
174,0.2: 11 
175,0.9: 176 386 502 656 
176,0.9: 175 181 673 906 
177,0.2: 136 
178,0.6: 251 640 
179,0.2: 249 
180,1.2: 185 273 381 476 566 637 859 
181,1.1: 75 77 176 196 829 930 
182,0.2: 293 
183,0.8: 496 678 758 
184,0.8: 20 675 870 
185,0.6: 180 612 
186,1.1: 154 568 672 844 849 894 
187,0.6: 65 167 
188,0.9: 242 571 707 740 
189,0.9: 33 468 670 819 
190,0.8: 121 495 646 
191,0.6: 371 759 
192,0.6: 76 723 
193,0.8: 111 672 905 
194,0.2: 79 
195,0.2: 847 
196,0.8: 149 181 548 
197,0.9: 7 378 393 688 
198,0.8: 1 267 870 
199,0.6: 347 910 
200,0.2: 523 
201,1.1: 245 371 419 625 829 927 
202,0.6: 450 645 
203,0.9: 21 114 306 717 
204,0.8: 11 115 683 
205,0.2: 661 
206,0.9: 26 133 606 927 
207,1.1: 47 303 390 484 615 680 
208,1.1: 254 424 612 824 914 
209,0.2: 355 
210,0.2: 263 
211,0.8: 113 599 612 
212,0.8: 67 108 770 
213,0.9: 322 726 829 867 
214,0.8: 219 367 639 
215,0.2: 142 
216,0.6: 18 615 
217,0.8: 579 625 857 
218,0.9: 172 232 531 718 
219,1.1: 214 221 399 419 768 
220,0.6: 66 542 
221,0.8: 219 666 844 
222,0.2: 923 
223,0.8: 345 444 618 
224,0.8: 96 522 644 
225,0.8: 296 359 604 
226,0.8: 526 700 835 
227,0.6: 794 914 
228,0.6: 577 601 
229,0.6: 122 542 
230,0.9: 78 98 353 614 
231,1.1: 172 382 470 503 684 893 
232,0.6: 218 629 
233,0.8: 105 608 805 
234,0.8: 155 653 842 
235,0.2: 142 
236,0.6: 24 45 
237,0.2: 628 
238,0.2: 534 
239,0.2: 76 
240,0.8: 28 168 812 
241,0.6: 381 873 
242,0.8: 188 277 869 
243,0.2: 840 
244,0.9: 634 711 772 803 
245,1.2: 8 28 201 455 494 519 674 
246,0.2: 312 
247,0.6: 410 936 
248,0.2: 110 
249,0.6: 179 681 
250,0.6: 383 746 
251,1.1: 23 158 178 450 765 
252,0.2: 153 
253,0.6: 350 457 
254,1.2: 70 208 399 566 706 801 823 
255,0.6: 165 346 
256,0.8: 320 537 763 
257,0.8: 402 671 915 
258,0.6: 746 847 
259,0.6: 75 277 
260,0.8: 480 550 632 
261,0.2: 806 
262,0.2: 418 
263,0.2: 210 
264,0.8: 146 784 921 
265,0.6: 620 856 
266,0.2: 173 
267,0.8: 198 333 904 
268,0.8: 350 552 817 
269,0.2: 880 
270,0.6: 410 824 
271,1.1: 138 403 431 735 879 
272,0.6: 857 890 
273,0.8: 180 311 620 
274,0.2: 758 
275,0.2: 777 
276,0.2: 73 
277,0.9: 242 259 511 550 
278,1.1: 4 16 411 440 745 892 
279,1.2: 446 461 532 687 714 829 906 
280,0.6: 129 291 
281,0.9: 57 647 661 757 
282,1.1: 86 108 349 388 492 
283,0.6: 587 706 
284,0.9: 468 518 669 748 
285,0.6: 436 876 
286,1.1: 115 427 712 831 890 
287,0.9: 496 532 688 696 
288,0.6: 134 836 
289,0.6: 150 644 
290,0.9: 67 457 499 896 
291,0.6: 280 322 
292,0.8: 155 431 741 
293,0.9: 182 320 576 618 
294,0.8: 418 511 856 
295,0.9: 500 507 677 726 
296,0.8: 225 699 806 
297,0.8: 5 91 586 
298,0.6: 320 732 
299,0.2: 478 
300,0.2: 887 
301,0.8: 348 506 802 
302,1.1: 151 391 502 567 698 
303,0.2: 207 
304,0.9: 476 515 783 937 
305,0.6: 429 896 
306,0.9: 103 203 439 862 
307,0.6: 491 627 
308,0.6: 675 893 
309,0.8: 455 574 644 
310,0.8: 88 556 845 
311,0.6: 163 273 
312,0.8: 32 246 804 
313,0.9: 0 434 567 585 
314,0.6: 73 574 
315,0.8: 455 474 668 
316,0.2: 604 
317,0.2: 407 
318,0.2: 613 
319,0.6: 14 57 
320,1.2: 36 256 293 298 414 634 759 
321,0.2: 414 
322,0.8: 213 291 602 
323,0.8: 473 683 716 
324,0.2: 576 
325,0.6: 465 508 
326,0.6: 553 651 
327,1.1: 104 551 858 861 885 
328,0.6: 25 423 
329,0.6: 116 777 
330,0.9: 349 729 851 908 
331,0.8: 22 472 690 
332,0.6: 432 775 
333,1.1: 144 267 530 745 803 845 
334,0.2: 336 
335,0.9: 127 416 584 703 
336,1.1: 96 334 338 448 450 
337,0.6: 689 906 
338,1.1: 20 336 609 780 898 
339,0.8: 370 669 695 
340,0.6: 455 612 
341,0.8: 86 583 749 
342,0.2: 147 
343,0.6: 778 880 
344,1.1: 412 421 493 540 595 919 
345,0.6: 223 894 
346,0.6: 255 541 
347,0.8: 128 199 706 
348,1.1: 301 504 631 676 745 
349,0.9: 145 282 330 513 
350,1.1: 253 268 426 683 687 938 
351,0.8: 69 482 657 
352,0.9: 391 543 747 928 
353,0.9: 7 230 846 863 
354,0.8: 524 795 830 
355,0.6: 209 407 
356,0.8: 390 461 687 
357,0.8: 556 669 806 
358,0.8: 683 868 938 
359,0.2: 225 
360,1.1: 464 784 810 887 929 
361,0.2: 11 
362,0.2: 848 
363,0.6: 121 528 
364,0.2: 35 
365,0.2: 727 
366,0.8: 61 77 398 
367,1.1: 28 94 214 458 779 
368,0.6: 167 845 
369,0.6: 659 920 
370,0.8: 339 711 754 
371,0.9: 191 201 376 920 
372,0.8: 18 132 806 
373,0.6: 406 538 
374,0.9: 661 705 870 933 
375,0.8: 8 443 655 
376,0.8: 371 620 905 
377,0.2: 61 
378,0.9: 21 197 484 766 
379,0.6: 58 863 
380,0.8: 526 579 851 
381,0.9: 180 241 651 687 
382,0.8: 11 231 774 
383,0.6: 250 447 
384,0.6: 92 443 
385,0.8: 481 805 819 
386,0.8: 29 175 847 
387,0.8: 802 841 849 
388,0.2: 282 
389,0.6: 49 936 
390,1.1: 207 356 421 806 902 
391,0.8: 32 302 352 
392,0.6: 38 887 
393,0.8: 197 555 898 
394,0.8: 25 171 897 
395,0.2: 521 
396,0.2: 459 
397,0.9: 5 84 159 738 
398,0.8: 366 540 730 
399,0.9: 219 254 642 878 
400,0.2: 630 
401,0.9: 109 458 475 533 
402,1.1: 108 136 143 257 603 650 
403,0.9: 271 505 577 740 
404,0.6: 446 591 
405,0.8: 30 141 890 
406,0.9: 27 167 373 932 
407,1.1: 317 355 468 510 874 
408,0.2: 103 
409,0.2: 458 
410,1.1: 247 270 516 690 708 
411,0.8: 278 488 756 
412,0.9: 90 344 476 555 
413,0.2: 632 
414,1.1: 27 320 321 432 435 614 
415,0.2: 575 
416,1.1: 335 432 490 544 857 
417,0.8: 83 119 725 
418,1.1: 262 294 448 468 471 743 
419,0.6: 201 219 
420,0.2: 871 
421,1.1: 20 91 344 390 627 
422,0.2: 816 
423,0.9: 11 19 328 534 
424,0.9: 158 208 739 843 
425,0.8: 472 650 708 
426,0.9: 350 581 586 608 
427,0.9: 286 738 765 885 
428,0.6: 94 692 
429,0.6: 170 305 
430,0.8: 609 820 915 
431,1.1: 271 292 479 645 873 
432,1.4: 58 332 414 416 456 474 528 580 674 710 743 
433,0.6: 509 884 
434,0.2: 313 
435,1.1: 46 51 414 458 931 
436,0.9: 146 285 643 865 
437,0.2: 918 
438,0.2: 825 
439,0.6: 306 660 
440,0.8: 278 446 712 
441,0.6: 875 883 
442,1.1: 68 101 680 697 812 
443,0.9: 158 375 384 933 
444,0.6: 223 755 
445,0.8: 45 105 643 
446,0.8: 279 404 440 
447,0.6: 383 526 
448,0.6: 336 418 
449,0.2: 705 
450,1.3: 80 151 202 251 336 484 595 722 
451,0.8: 661 842 843 
452,0.2: 564 
453,0.2: 120 
454,0.8: 631 771 826 
455,1.3: 26 245 309 315 340 718 723 734 
456,0.6: 432 532 
457,1.1: 139 253 290 599 775 
458,1.2: 367 401 409 435 710 804 935 
459,0.8: 396 806 864 
460,0.6: 99 682 
461,0.8: 118 279 356 
462,0.8: 115 583 666 
463,0.2: 504 
464,0.8: 148 360 780 
465,1.1: 325 702 734 761 905 
466,0.2: 605 
467,0.2: 494 
468,1.2: 43 189 284 407 418 479 889 
469,1.1: 33 73 145 470 774 
470,0.9: 231 469 756 897 
471,0.6: 418 553 
472,0.6: 331 425 
473,0.6: 323 679 
474,0.8: 315 432 789 
475,0.9: 136 401 518 860 
476,1.2: 180 304 412 489 627 859 939 
477,0.2: 658 
478,0.2: 299 
479,0.9: 1 431 468 756 
480,0.6: 260 756 
481,0.2: 385 
482,0.6: 77 351 
483,0.6: 20 928 
484,0.9: 207 378 450 785 
485,0.8: 634 700 875 
486,0.2: 808 
487,0.8: 566 629 834 
488,0.2: 411 
489,0.6: 476 646 
490,0.9: 53 416 588 742 
491,0.2: 307 
492,0.9: 282 535 608 812 
493,0.9: 130 344 500 592 
494,0.9: 9 245 467 718 
495,0.8: 163 190 778 
496,0.9: 36 183 287 866 
497,0.6: 99 902 
498,0.8: 553 669 869 
499,0.6: 290 680 
500,0.8: 295 493 540 
501,0.2: 821 
502,0.6: 175 302 
503,0.8: 231 698 768 
504,0.8: 348 463 757 
505,0.6: 403 512 
506,0.9: 166 301 564 821 
507,0.8: 295 614 734 
508,0.6: 325 520 
509,0.8: 433 627 732 
510,0.9: 167 407 795 812 
511,1.2: 1 25 277 294 568 791 849 
512,0.6: 505 799 
513,0.8: 173 349 599 
514,0.8: 543 881 915 
515,1.1: 119 304 526 528 684 689 
516,0.6: 141 410 
517,0.2: 563 
518,1.1: 106 170 284 475 585 855 
519,0.8: 122 245 806 
520,0.6: 508 850 
521,0.2: 395 
522,0.6: 224 798 
523,0.9: 200 725 766 894 
524,0.6: 119 354 
525,0.9: 530 596 879 923 
526,1.1: 55 226 380 447 515 
527,0.6: 56 727 
528,0.9: 118 363 432 515 
529,0.2: 163 
530,0.9: 333 525 667 787 
531,0.9: 149 218 568 693 
532,0.9: 279 287 456 755 
533,0.6: 401 760 
534,0.6: 238 423 
535,0.9: 42 492 582 704 
536,0.6: 601 784 
537,0.8: 256 787 840 
538,0.8: 159 373 555 
539,0.2: 166 
540,0.9: 156 344 398 500 
541,0.8: 15 346 624 
542,0.9: 220 229 639 731 
543,0.8: 352 514 652 
544,0.9: 5 94 149 416 
545,0.2: 784 
546,1.1: 606 700 707 768 818 879 
547,0.6: 671 929 
548,0.8: 6 196 882 
549,0.2: 81 
550,0.8: 260 277 745 
551,0.2: 327 
552,0.6: 268 569 
553,1.2: 156 326 471 498 592 824 870 
554,0.2: 649 
555,1.1: 393 412 538 664 823 
556,1.1: 310 357 596 658 824 
557,0.6: 74 678 
558,0.9: 92 619 774 891 
559,0.6: 1 638 
560,0.6: 51 885 
561,0.6: 784 865 
562,0.2: 599 
563,0.8: 517 847 884 
564,0.6: 452 506 
565,0.6: 775 836 
566,1.1: 180 254 487 684 878 
567,0.6: 302 313 
568,1.1: 31 186 511 531 667 685 
569,0.8: 65 552 704 
570,0.8: 47 575 824 
571,0.6: 45 188 
572,0.6: 653 796 
573,0.6: 48 650 
574,1.1: 161 309 314 641 752 
575,1.1: 20 415 570 592 709 
576,0.8: 11 293 324 
577,0.8: 228 403 849 
578,0.6: 705 805 
579,0.6: 217 380 
580,0.8: 432 653 721 
581,0.6: 426 769 
582,0.9: 39 535 628 841 
583,1.1: 48 341 462 735 849 862 
584,0.6: 335 938 
585,1.1: 313 518 780 860 879 886 
586,0.8: 297 426 879 
587,0.2: 283 
588,0.6: 15 490 
589,0.6: 642 896 
590,0.2: 781 
591,0.6: 404 662 
592,0.9: 50 493 553 575 
593,0.8: 636 808 924 
594,0.9: 10 666 731 835 
595,0.8: 32 344 450 
596,0.8: 525 556 655 
597,0.6: 78 747 
598,0.2: 783 
599,1.1: 211 457 513 562 731 
600,0.6: 621 822 
601,0.8: 228 536 879 
602,0.6: 322 686 
603,0.8: 85 402 916 
604,1.1: 37 84 120 225 316 744 
605,0.2: 466 
606,0.6: 206 546 
607,0.2: 839 
608,0.9: 102 233 426 492 
609,1.1: 30 65 158 338 430 637 
610,0.6: 749 904 
611,0.6: 646 718 
612,1.2: 76 113 138 185 208 211 340 
613,0.6: 318 859 
614,1.1: 114 230 414 507 740 
615,1.1: 18 60 207 216 894 
616,0.2: 722 
617,0.2: 692 
618,1.1: 29 49 96 223 293 
619,0.2: 558 
620,0.9: 165 265 273 376 
621,0.6: 600 896 
622,0.2: 713 
623,0.8: 650 847 879 
624,0.8: 144 541 905 
625,0.6: 201 217 
626,0.2: 644 
627,0.9: 307 421 476 509 
628,0.6: 237 582 
629,0.9: 122 232 487 888 
630,0.9: 400 642 663 715 
631,0.6: 348 454 
632,0.9: 13 260 413 869 
633,0.6: 925 935 
634,1.1: 78 244 320 485 638 
635,0.8: 750 811 879 
636,0.2: 593 
637,0.9: 180 609 778 878 
638,0.6: 559 634 
639,1.1: 67 214 542 814 915 
640,0.2: 178 
641,0.9: 72 574 695 929 
642,0.9: 399 589 630 745 
643,0.9: 165 436 445 847 
644,1.1: 50 224 289 309 626 
645,0.8: 136 202 431 
646,0.8: 190 489 611 
647,0.9: 281 750 834 851 
648,0.2: 118 
649,0.6: 554 889 
650,1.1: 3 402 425 573 623 703 
651,0.8: 158 326 381 
652,0.6: 543 805 
653,1.1: 105 170 234 572 580 675 
654,0.6: 91 914 
655,0.6: 375 596 
656,0.6: 175 706 
657,0.9: 92 351 737 808 
658,0.8: 477 556 933 
659,0.9: 113 369 689 691 
660,0.9: 2 439 813 878 
661,1.1: 205 281 374 451 913 915 
662,0.9: 591 714 742 749 
663,0.6: 159 630 
664,0.8: 53 555 784 
665,1.1: 39 720 753 754 784 
666,0.9: 147 221 462 594 
667,0.9: 173 530 568 742 
668,0.2: 315 
669,1.1: 136 284 339 357 498 752 
670,0.6: 189 865 
671,0.6: 257 547 
672,0.9: 91 186 193 731 
673,0.2: 176 
674,0.6: 245 432 
675,1.2: 14 45 157 184 308 653 796 
676,0.9: 26 348 721 733 
677,0.8: 135 295 802 
678,0.8: 183 557 940 
679,0.6: 160 473 
680,1.1: 207 442 499 786 860 
681,0.9: 119 249 739 853 
682,0.9: 3 460 819 913 
683,1.1: 204 323 350 358 746 
684,1.2: 8 231 515 566 705 852 903 
685,0.2: 568 
686,0.6: 89 602 
687,1.2: 87 123 279 350 356 381 939 
688,0.8: 197 287 810 
689,0.9: 170 337 515 659 
690,1.1: 125 331 410 697 749 
691,0.6: 659 865 
692,0.8: 51 428 617 
693,0.6: 32 531 
694,0.6: 896 937 
695,0.6: 339 641 
696,0.6: 110 287 
697,0.6: 442 690 
698,0.8: 302 503 899 
699,0.2: 296 
700,0.9: 226 485 546 774 
701,0.2: 827 
702,0.2: 465 
703,0.9: 31 335 650 839 
704,1.1: 78 98 535 569 929 
705,1.2: 45 81 374 449 578 684 861 
706,0.9: 254 283 347 656 
707,0.8: 188 546 760 
708,0.8: 166 410 425 
709,0.6: 23 575 
710,0.8: 39 432 458 
711,1.1: 244 370 773 818 921 
712,0.8: 112 286 440 
713,0.9: 75 154 622 761 
714,0.6: 279 662 
715,0.2: 630 
716,0.8: 64 323 752 
717,0.9: 14 203 746 836 
718,1.1: 218 455 494 611 732 897 
719,0.8: 126 145 872 
720,0.8: 60 665 860 
721,0.8: 580 676 723 
722,0.8: 16 450 616 
723,1.1: 192 455 721 787 896 
724,0.8: 70 860 924 
725,1.1: 164 173 417 523 741 779 
726,0.8: 213 295 778 
727,0.6: 365 527 
728,0.2: 127 
729,0.9: 330 816 839 885 
730,0.6: 104 398 
731,0.9: 542 594 599 672 
732,0.9: 67 298 509 718 
733,0.6: 676 851 
734,0.8: 455 465 507 
735,0.8: 271 583 836 
736,0.8: 36 44 835 
737,0.2: 657 
738,0.9: 16 56 397 427 
739,0.8: 65 424 681 
740,0.8: 188 403 614 
741,0.8: 292 725 934 
742,0.8: 490 662 667 
743,0.8: 96 418 432 
744,0.2: 604 
745,1.1: 278 333 348 550 642 
746,1.1: 14 107 250 258 683 717 
747,0.9: 78 352 597 903 
748,0.6: 68 284 
749,1.1: 106 341 610 662 690 
750,0.8: 635 647 798 
751,0.6: 104 851 
752,1.1: 43 150 574 669 716 
753,0.2: 665 
754,0.8: 58 370 665 
755,0.8: 124 444 532 
756,1.1: 120 411 470 479 480 
757,0.9: 21 281 504 927 
758,0.6: 183 274 
759,0.8: 136 191 320 
760,0.6: 533 707 
761,0.8: 76 465 713 
762,0.2: 861 
763,0.2: 256 
764,0.6: 7 104 
765,0.9: 131 251 427 911 
766,0.8: 93 378 523 
767,0.2: 854 
768,0.9: 147 219 503 546 
769,0.6: 581 783 
770,0.6: 212 922 
771,0.9: 173 454 782 874 
772,1.1: 30 112 169 244 912 
773,0.6: 163 711 
774,0.9: 382 469 558 700 
775,0.8: 332 457 565 
776,0.2: 26 
777,0.6: 275 329 
778,1.1: 25 343 495 637 726 833 
779,0.8: 76 367 725 
780,0.9: 26 338 464 585 
781,0.6: 158 590 
782,0.6: 771 824 
783,0.8: 304 598 769 
784,1.3: 16 264 360 536 545 561 664 665 881 
785,0.6: 484 790 
786,0.2: 680 
787,1.1: 80 530 537 723 933 
788,0.6: 70 98 
789,0.6: 64 474 
790,0.6: 785 862 
791,0.9: 149 511 852 936 
792,0.6: 911 919 
793,0.6: 32 865 
794,0.2: 227 
795,0.8: 44 354 510 
796,0.8: 1 572 675 
797,0.6: 52 68 
798,0.6: 522 750 
799,0.9: 8 42 100 512 
800,0.6: 819 931 
801,0.8: 15 76 254 
802,0.9: 139 301 387 677 
803,0.8: 244 333 828 
804,0.8: 312 458 935 
805,1.1: 97 233 385 578 652 
806,1.2: 261 296 357 372 390 459 519 
807,0.6: 64 142 
808,0.8: 486 593 657 
809,0.2: 46 
810,0.8: 166 360 688 
811,0.8: 17 635 823 
812,0.9: 240 442 492 510 
813,1.1: 128 153 660 851 921 
814,0.9: 41 44 97 639 
815,0.8: 20 59 142 
816,0.6: 422 729 
817,0.8: 160 268 915 
818,0.8: 546 711 834 
819,1.1: 159 189 385 682 800 
820,0.2: 430 
821,0.9: 501 506 876 889 
822,0.6: 78 600 
823,0.9: 29 254 555 811 
824,1.3: 31 208 270 553 556 570 782 909 
825,0.2: 438 
826,0.6: 99 454 
827,0.2: 701 
828,0.6: 18 803 
829,0.9: 181 201 213 279 
830,0.8: 45 354 884 
831,0.2: 286 
832,0.2: 936 
833,0.2: 778 
834,0.8: 487 647 818 
835,0.8: 226 594 736 
836,0.9: 288 565 717 735 
837,0.2: 923 
838,0.2: 157 
839,0.9: 607 703 729 869 
840,0.6: 243 537 
841,0.6: 387 582 
842,0.8: 29 234 451 
843,0.9: 6 9 424 451 
844,0.6: 186 221 
845,0.8: 310 333 368 
846,0.2: 353 
847,1.3: 21 63 195 258 386 563 623 643 
848,0.2: 362 
849,1.3: 57 79 171 186 387 511 577 583 877 
850,0.2: 520 
851,1.1: 330 380 647 733 751 813 
852,0.9: 36 152 684 791 
853,0.8: 67 681 897 
854,0.6: 63 767 
855,0.8: 518 878 910 
856,0.6: 265 294 
857,0.8: 217 272 416 
858,0.2: 327 
859,0.8: 180 476 613 
860,1.1: 10 475 585 680 720 724 
861,0.8: 327 705 762 
862,1.1: 306 583 790 866 928 
863,0.8: 40 353 379 
864,0.6: 5 459 
865,1.1: 436 561 670 691 793 
866,0.6: 496 862 
867,0.2: 213 
868,0.2: 358 
869,1.1: 54 242 498 632 839 
870,1.1: 130 184 198 374 553 
871,0.6: 80 420 
872,0.2: 719 
873,0.6: 241 431 
874,0.6: 407 771 
875,0.8: 107 441 485 
876,0.6: 285 821 
877,0.6: 104 849 
878,1.1: 399 566 637 660 855 
879,1.3: 271 525 546 585 586 601 623 635 
880,0.8: 143 269 343 
881,0.8: 50 514 784 
882,0.2: 548 
883,0.6: 70 441 
884,1.1: 34 51 433 563 830 
885,1.1: 148 327 427 560 729 
886,0.6: 115 585 
887,0.8: 300 360 392 
888,0.8: 32 169 629 
889,0.8: 468 649 821 
890,0.8: 272 286 405 
891,0.6: 5 558 
892,0.6: 21 278 
893,0.8: 231 308 932 
894,1.1: 171 186 345 523 615 
895,0.2: 900 
896,1.1: 290 305 589 621 694 723 
897,1.1: 141 394 470 718 853 
898,0.6: 338 393 
899,0.2: 698 
900,0.2: 895 
901,0.2: 17 
902,0.6: 390 497 
903,0.6: 684 747 
904,0.6: 267 610 
905,0.9: 193 376 465 624 
906,0.8: 176 279 337 
907,0.2: 929 
908,0.6: 135 330 
909,0.6: 173 824 
910,0.6: 199 855 
911,0.6: 765 792 
912,0.2: 772 
913,0.6: 661 682 
914,0.9: 138 208 227 654 
915,1.1: 257 430 514 639 661 817 
916,0.2: 603 
917,0.2: 53 
918,0.2: 437 
919,0.9: 344 792 924 926 
920,0.6: 369 371 
921,1.1: 52 135 264 711 813 
922,0.6: 52 770 
923,0.8: 222 525 837 
924,0.9: 32 593 724 919 
925,0.2: 633 
926,0.2: 919 
927,0.9: 131 201 206 757 
928,0.8: 352 483 862 
929,1.2: 14 360 547 641 704 907 932 
930,0.8: 8 73 181 
931,0.6: 435 800 
932,1.1: 91 154 406 893 929 
933,0.9: 374 443 658 787 
934,0.2: 741 
935,0.9: 3 458 633 804 
936,0.9: 247 389 791 832 
937,0.6: 304 694 
938,0.8: 350 358 584 
939,0.6: 476 687 
940,0.6: 120 678 
