2000 
0,2.3: 1 2 34 52 86 90 142 181 199 260 294 363 366 367 445 460 464 505 516 538 545 675 682 687 763 781 803 806 817 831 884 890 892 903 970 1153 1154 1180 1182 1200 1206 1226 1253 1291 1297 1316 1387 1396 1398 1421 1449 1558 1587 1626 1641 1678 1685 1701 1715 1749 1807 1878 1978 
1,2.3: 0 3 8 14 22 26 32 34 40 52 61 67 86 89 142 156 175 197 199 253 260 294 311 363 445 460 505 580 603 622 675 687 728 781 892 946 970 1154 1182 1252 1396 1398 1421 1533 1583 1626 1666 1678 1684 1749 1784 1807 1820 1878 1937 
2,2.1: 0 4 5 12 42 90 93 142 153 207 243 313 330 367 427 464 516 589 687 817 823 884 892 909 934 1180 1203 1206 1218 1226 1291 1297 1390 1431 1807 1870 1990 1998 
3,1.9: 1 6 7 8 13 26 28 40 41 61 67 73 119 149 219 377 445 505 579 675 728 823 1353 1421 1626 1807 
4,1.4: 2 35 42 90 117 460 884 909 1297 1410 1807 
5,1.8: 2 11 23 30 42 83 92 93 159 174 199 555 564 817 823 888 934 1147 1218 1807 1870 1990 
6,1.3: 3 7 9 88 106 149 1043 1136 1807 
7,1.6: 3 6 71 119 124 448 557 675 760 1179 1192 1587 1590 1709 1780 1853 
8,1.4: 1 3 29 112 168 239 266 572 583 655 1964 
9,1.7: 6 10 18 106 142 154 188 237 245 334 554 579 592 625 803 1043 1136 1807 
10,1.6: 9 16 24 60 142 186 216 245 333 426 554 592 1396 1573 1936 
11,1.4: 5 15 23 49 89 130 159 199 523 905 
12,1.3: 2 42 45 178 207 460 687 1203 
13,1.4: 3 21 41 44 61 67 73 560 1421 1888 
14,1.7: 1 17 32 39 86 103 260 455 505 874 922 1252 1447 1583 1638 1674 1978 
15,1.1: 11 23 89 130 445 
16,1.4: 10 19 24 25 38 426 971 1209 1460 1936 
17,1.4: 14 20 76 86 175 227 278 1177 1232 1533 1626 
18,1.3: 9 106 212 316 566 625 803 1807 
19,1.4: 16 24 25 27 77 205 230 1000 1209 1492 
20,1.3: 17 76 227 349 397 1064 1177 1371 1533 
21,1.5: 13 37 61 85 161 418 560 815 964 1051 1080 1612 1888 
22,0.8: 1 128 175 
23,1.5: 5 11 15 55 78 79 89 102 174 257 445 1461 
24,1.6: 10 16 19 31 51 108 332 426 591 608 946 1154 1399 1827 
25,0.8: 16 19 27 
26,1.4: 1 3 81 253 378 490 947 1010 1342 1527 
27,1.1: 19 25 129 736 940 1204 
28,0.9: 3 36 149 937 
29,0.9: 8 63 185 572 
30,1.4: 5 47 564 757 1139 1385 1398 1727 1807 1878 
31,1.3: 24 51 134 145 332 426 946 1154 
32,1.7: 1 14 33 34 54 80 86 243 260 346 603 622 675 884 922 1393 1583 1858 1865 
33,1.4: 32 66 87 184 228 243 346 377 805 1090 1623 
34,1.4: 0 1 32 54 62 691 796 892 1085 1523 1583 
35,1.4: 4 158 325 341 506 648 804 1024 1529 1540 1911 
36,1.1: 28 58 95 149 769 
37,1.5: 21 61 65 68 85 161 233 408 477 815 1160 1888 
38,0.8: 16 451 1936 
39,1.6: 14 43 46 70 86 103 135 201 260 455 609 845 1081 1084 1248 1252 
40,1.6: 1 3 61 200 213 219 425 674 690 737 1229 1353 1421 1668 1807 1820 
41,0.8: 3 13 61 
42,1.3: 2 4 5 12 174 207 353 460 
43,1.5: 39 46 53 86 103 226 260 435 609 779 1123 1248 1643 
44,1.3: 13 67 183 304 627 703 935 1650 
45,1.2: 12 109 136 982 1065 1203 1348 
46,1.4: 39 43 50 86 103 415 435 509 1643 1978 
47,1.9: 30 48 56 57 59 75 141 172 176 277 440 492 508 564 629 694 778 866 921 997 1139 1385 1398 1642 1727 1749 
48,1.5: 47 57 123 141 172 252 454 508 866 921 1300 1552 
49,0.9: 11 130 160 905 
50,1.4: 46 64 69 98 191 202 415 799 1389 1403 
51,1.4: 24 31 134 388 426 432 615 986 1154 1200 1874 
52,1.3: 0 1 127 260 279 283 294 363 1877 
53,1.1: 43 86 226 609 1123 1248 
54,1.3: 32 34 82 125 246 480 691 781 
55,1.4: 23 78 102 114 235 241 367 381 533 1461 
56,1.5: 47 75 107 176 204 296 440 538 842 997 1748 1919 
57,1.6: 47 48 141 150 195 259 277 315 322 348 459 484 508 515 853 
58,1.2: 36 95 149 206 613 697 769 
59,1.4: 47 287 685 871 896 970 1338 1385 1398 1727 
60,1.5: 10 74 101 110 169 186 271 333 592 882 1170 1503 1532 
61,1.4: 1 3 13 21 37 40 41 115 164 1528 1612 
62,1.5: 34 72 198 218 251 370 691 728 927 1085 1921 1975 
63,1.2: 29 99 221 324 438 572 1548 
64,1.1: 50 147 191 612 1389 
65,0.6: 37 68 
66,0.9: 33 116 346 377 
67,1.5: 1 3 13 44 132 242 404 575 1120 1182 1274 1923 
68,1.1: 37 65 84 100 1888 
69,1.3: 50 98 111 645 906 1070 1389 1549 
70,1.5: 39 118 146 455 498 721 835 903 998 1046 1252 1690 
71,1.3: 7 94 448 1073 1141 1587 1781 1853 
72,1.6: 62 96 105 131 163 198 218 251 350 728 731 1085 1630 1975 
73,0.9: 3 13 210 581 
74,0.6: 60 904 
75,1.3: 47 56 107 139 176 204 629 698 1368 
76,1.1: 17 20 343 349 1177 1533 
77,1.1: 19 306 321 1392 1639 
78,1.6: 23 55 102 114 180 209 235 241 356 412 806 1797 1839 1860 
79,1.3: 23 203 238 257 282 344 423 1059 1758 
80,0.9: 32 285 622 1351 
81,1.4: 26 253 339 342 469 490 947 1010 1342 1527 1736 
82,0.9: 54 125 309 1842 
83,1.1: 5 225 307 501 1500 1772 
84,1.1: 68 91 100 122 1550 1888 
85,1.2: 21 37 161 815 855 1080 1160 
86,1.8: 0 1 14 17 32 39 43 46 53 162 226 260 280 516 622 675 684 780 809 1248 1978 
87,0.9: 33 184 1090 1623 
88,1.1: 6 120 400 562 1383 
89,1.4: 1 11 15 23 97 175 445 969 1329 1626 
90,1.2: 0 2 4 207 367 463 1410 
91,1.1: 84 148 275 433 1550 1737 
92,1.1: 5 143 329 409 1981 
93,1.1: 2 5 327 427 817 
94,1.6: 71 140 167 223 268 299 443 1073 1153 1201 1506 1587 1853 1873 1905 
95,1.1: 36 58 149 177 442 
96,1.3: 72 105 163 170 350 728 774 1095 
97,1.2: 89 104 445 1143 1329 1626 1723 
98,1.3: 50 69 111 295 416 645 1389 1627 1940 
99,0.8: 63 681 1033 
100,1.1: 68 84 276 472 552 1888 
101,1.3: 60 113 173 186 214 1170 1213 1431 1532 
102,1.4: 23 55 78 114 166 235 241 806 1035 1839 
103,1.3: 14 39 43 46 135 415 435 938 1464 
104,1.5: 97 224 263 361 525 543 593 673 829 1143 1329 1824 
105,1.3: 72 96 121 138 264 311 350 728 748 
106,1.7: 6 9 18 151 212 231 314 537 566 619 625 647 803 892 895 1136 1807 
107,1.4: 56 75 176 190 204 372 643 654 698 1933 
108,1.3: 24 422 426 591 849 946 965 1040 
109,0.8: 45 771 1065 
110,0.8: 60 375 592 
111,1.1: 69 98 584 1375 1389 
112,0.8: 8 239 493 
113,1.1: 101 186 214 632 1532 
114,1.4: 55 78 102 187 235 241 367 727 1829 1839 1904 
115,0.8: 61 133 164 
116,0.6: 66 346 
117,1.3: 4 421 527 635 999 1267 1297 1770 
118,1.3: 70 146 439 498 835 903 1046 1390 
119,1.1: 3 7 376 777 823 1318 
120,0.8: 88 368 663 
121,1.1: 105 126 138 192 668 1347 
122,0.9: 84 137 510 1156 
123,0.9: 48 508 718 868 
124,1.3: 7 248 308 542 651 1179 1192 1709 1889 
125,1.3: 54 82 229 605 781 1058 1125 1138 
126,1.4: 121 138 192 441 470 568 668 883 1347 1469 1906 
127,0.8: 52 294 363 
128,0.8: 22 175 750 
129,1.1: 27 269 736 940 951 1174 
130,1.1: 11 15 49 445 540 1495 
131,0.9: 72 198 1002 1630 
132,1.3: 67 288 392 575 626 1120 1274 1923 
133,1.1: 115 165 247 754 1261 1388 
134,0.8: 31 51 1154 
135,1.1: 39 103 845 1248 1453 
136,1.1: 45 152 399 1065 1348 
137,1.5: 122 155 179 182 220 386 396 510 513 559 1119 1722 1870 
138,0.8: 105 121 126 
139,0.9: 75 176 601 694 
140,1.4: 94 293 443 462 483 504 878 888 1506 1676 1873 
141,1.3: 47 48 57 144 315 454 474 866 1947 
142,1.3: 0 1 2 9 10 333 413 460 803 
143,1.1: 92 281 531 747 1986 
144,1.1: 141 358 454 580 921 
145,1.1: 31 320 332 827 840 946 
146,1.1: 70 118 261 455 498 1757 
147,1.1: 64 191 250 517 563 
148,0.9: 91 275 433 863 
149,1.8: 3 6 28 36 58 95 157 177 298 335 402 430 613 745 763 769 851 872 937 1145 1309 1871 1891 
150,1.5: 57 171 189 260 301 315 322 393 516 853 1146 1401 1666 
151,1.1: 106 208 212 566 1063 1557 
152,0.2: 136 
153,1.1: 2 319 330 516 590 
154,1.5: 9 188 217 258 334 534 579 755 775 1006 1043 1848 
155,1.3: 137 267 429 512 588 595 995 1467 
156,0.9: 1 518 1533 1937 
157,0.9: 149 196 851 1871 
158,0.9: 35 364 664 854 
159,1.1: 5 11 199 265 302 638 
160,1.1: 49 234 1004 1050 1163 
161,1.3: 21 37 85 215 602 704 815 1644 
162,1.2: 86 336 340 511 809 1396 1586 
163,1.4: 72 96 170 218 549 644 1259 1282 1755 1975 
164,1.1: 61 115 256 528 1202 1505 
165,1.2: 133 255 312 338 410 754 1493 
166,1.4: 102 235 270 367 476 545 573 1035 1109 1839 
167,0.9: 94 352 443 1201 
168,0.9: 8 239 655 785 
169,0.6: 60 211 
170,0.9: 96 163 494 787 
171,0.9: 150 189 1401 1666 
172,1.1: 47 48 440 866 1642 1931 
173,1.1: 101 186 1213 1263 1397 
174,0.9: 5 23 42 1739 
175,1.4: 1 17 22 89 128 479 670 1158 1626 1664 
176,1.6: 47 56 75 107 139 194 204 694 698 782 972 1321 1489 1933 
177,1.3: 95 149 298 335 769 1145 1470 1891 
178,1.1: 12 207 286 687 973 
179,1.1: 137 510 513 559 1870 1890 
180,0.9: 78 502 1144 1735 
181,1.2: 0 274 297 317 328 450 1387 
182,1.1: 137 559 867 907 1870 
183,1.2: 44 240 304 627 703 1619 1650 
184,1.2: 33 87 228 243 452 1302 1623 
185,0.6: 29 1286 
186,1.3: 10 60 101 113 173 1170 1213 1532 1573 
187,0.8: 114 241 594 
188,1.1: 9 154 237 963 1006 1043 
189,0.6: 150 171 
190,1.2: 107 204 643 698 886 1210 1823 
191,1.4: 50 64 147 193 517 535 617 861 908 1617 
192,1.3: 121 126 553 668 850 883 1347 1356 
193,0.9: 191 456 535 822 
194,0.8: 176 702 1235 
195,1.3: 57 326 417 459 473 637 1417 1516 
196,0.6: 157 851 
197,0.8: 1 624 1420 
198,1.1: 62 72 131 728 1771 
199,1.3: 0 1 5 11 159 265 290 1396 1684 
200,1.1: 40 236 425 1490 1668 
201,0.8: 39 260 1081 
202,0.8: 50 273 415 
203,1.3: 79 222 238 628 838 1291 1337 1998 
204,1.3: 56 75 107 176 190 365 538 698 
205,0.8: 19 1078 1980 
206,1.1: 58 436 574 659 1361 
207,1.2: 2 12 42 90 178 286 1171 
208,1.1: 151 424 428 1063 1557 
209,0.9: 78 806 1035 1053 
210,0.9: 73 581 599 1382 
211,0.8: 169 357 1507 
212,1.3: 18 106 151 292 394 1003 1526 1557 1807 
213,1.1: 40 933 1087 1229 1554 
214,0.9: 101 113 632 1001 
215,1.1: 161 232 586 704 1151 
216,0.6: 10 592 
217,0.9: 154 244 709 1574 
218,1.1: 62 72 163 1831 1975 
219,0.9: 3 40 690 761 
220,0.6: 137 1759 
221,0.9: 63 337 391 889 
222,1.1: 203 405 577 838 1291 1404 
223,1.4: 94 272 360 443 676 1073 1153 1815 1905 1969 
224,1.1: 104 371 798 870 1662 
225,0.9: 83 307 1500 1772 
226,1.1: 43 53 86 260 284 1166 
227,1.1: 17 20 397 653 1207 
228,1.3: 33 184 243 289 544 1072 1090 1211 1623 
229,1.1: 125 482 526 605 802 1167 
230,0.6: 19 1492 
231,1.3: 106 249 503 619 682 892 1136 1367 
232,0.8: 215 300 586 
233,0.9: 37 408 1215 1685 
234,1.1: 160 262 669 1004 1163 1576 
235,1.4: 55 78 102 114 166 254 310 367 1456 1839 1904 
236,0.9: 200 425 1668 1809 
237,1.3: 9 188 844 974 1043 1289 1463 1510 
238,1.1: 79 203 354 1943 1998 
239,1.1: 8 112 168 493 1427 
240,1.2: 183 627 693 703 1068 1499 1619 
241,1.2: 55 78 102 114 187 367 806 
242,1.1: 67 404 447 575 1007 1966 
243,1.2: 2 32 33 184 228 289 722 
244,0.9: 217 414 444 475 
245,1.1: 9 10 437 554 660 
246,0.8: 54 480 1157 
247,0.8: 133 576 1288 
248,1.1: 124 379 732 1293 1808 1889 
249,0.8: 231 503 1367 
250,0.8: 147 517 563 
251,1.1: 62 72 731 1524 1630 1641 
252,0.6: 48 485 
253,1.3: 1 26 81 460 661 1010 1527 1807 
254,0.9: 235 310 367 831 
255,0.8: 165 497 683 
256,0.8: 164 347 631 
257,0.8: 23 79 1117 
258,0.6: 154 775 
259,0.6: 57 1134 
260,1.7: 0 1 14 32 39 43 52 86 150 201 226 505 538 609 887 1248 1414 1661 1746 
261,0.2: 146 
262,0.9: 234 1004 1122 1163 
263,1.4: 104 303 406 525 606 959 1249 1266 1370 1373 
264,0.9: 105 1018 1092 1999 
265,0.9: 159 199 742 1396 
266,0.6: 8 572 
267,0.9: 155 512 1029 1467 
268,0.9: 94 623 1587 1873 
269,0.6: 129 633 
270,1.3: 166 291 367 476 573 1109 1220 1483 1839 
271,0.6: 60 611 
272,0.8: 223 1376 1905 
273,0.8: 202 734 1913 
274,1.3: 181 297 407 450 589 792 1110 1588 
275,0.8: 91 148 433 
276,0.2: 100 
277,1.2: 47 57 315 331 348 515 1139 
278,0.8: 17 403 1232 
279,0.6: 52 1877 
280,0.9: 86 1251 1575 1978 
281,0.8: 143 587 747 
282,1.3: 79 524 678 1059 1311 1539 1677 1758 
283,0.2: 52 
284,1.1: 226 305 558 1166 1457 1857 
285,0.8: 80 991 1091 
286,0.8: 178 207 1171 
287,1.1: 59 556 685 1279 1398 1559 
288,0.9: 132 392 1734 1778 
289,0.8: 228 243 725 
290,0.8: 199 794 1396 
291,0.9: 270 1220 1230 1738 
292,0.8: 212 323 700 
293,0.6: 140 878 
294,1.3: 0 1 52 127 471 548 856 1199 
295,0.9: 98 910 1627 1940 
296,0.8: 56 636 1919 
297,1.1: 181 274 450 776 1560 
298,1.4: 149 177 345 401 495 769 937 1145 1183 1470 
299,0.9: 94 318 956 1153 
300,0.6: 232 586 
301,0.6: 150 322 
302,0.8: 159 380 1946 
303,0.6: 263 1044 
304,1.1: 44 183 703 935 1068 
305,0.6: 284 382 
306,0.6: 77 833 
307,1.2: 83 225 457 1175 1265 1500 1521 
308,0.6: 124 1424 
309,0.8: 82 749 1842 
310,1.1: 235 254 367 449 1545 
311,0.9: 1 105 729 1142 
312,0.9: 165 338 754 1493 
313,0.9: 2 355 865 1226 
314,0.9: 106 647 892 1614 
315,1.1: 57 141 150 277 454 921 
316,1.1: 18 362 547 803 1474 1631 
317,1.1: 181 467 532 1387 1992 
318,0.6: 299 1195 
319,0.8: 153 598 931 
320,0.9: 145 332 941 946 
321,0.8: 77 1364 1639 
322,1.1: 57 150 301 570 571 1518 
323,1.1: 292 398 700 1715 1807 
324,1.1: 63 438 616 1028 1173 
325,1.1: 35 341 351 1069 1529 
326,0.8: 195 459 985 
327,1.1: 93 389 507 650 817 1580 
328,0.2: 181 
329,0.2: 92 
330,0.9: 2 153 1297 1512 
331,0.2: 277 
332,1.1: 24 31 145 320 946 
333,0.9: 10 60 142 554 
334,1.1: 9 154 369 551 579 
335,1.1: 149 177 420 769 1145 1891 
336,1.3: 162 340 395 511 630 716 809 1396 1582 
337,0.6: 221 1384 
338,1.1: 165 312 410 488 1493 
339,1.1: 81 342 469 1276 1736 
340,0.9: 162 336 511 756 
341,0.8: 35 325 641 
342,0.9: 81 339 1021 1736 
343,1.1: 76 349 383 880 1471 1533 
344,0.2: 79 
345,0.8: 298 390 1183 
346,1.4: 32 33 66 116 384 385 634 714 1622 1858 
347,1.1: 256 446 631 1205 1212 1336 
348,0.9: 57 277 515 853 
349,0.9: 20 76 343 1177 
350,0.9: 72 96 105 748 
351,0.6: 325 1069 
352,0.8: 167 1191 1498 
353,0.8: 42 374 1732 
354,0.8: 238 359 1477 
355,1.2: 313 458 865 917 1226 1310 1628 
356,0.9: 78 486 898 1895 
357,0.8: 211 373 1507 
358,0.8: 144 454 921 
359,0.8: 354 489 696 
360,1.1: 223 699 989 1246 1257 1914 
361,1.1: 104 521 975 1049 1089 1143 
362,1.1: 316 783 1234 1344 1402 
363,1.1: 0 1 52 127 1556 1678 
364,0.6: 158 1294 
365,0.9: 204 538 717 920 
366,0.6: 0 1253 
367,1.5: 0 2 55 90 114 166 235 241 254 270 310 1042 1545 
368,0.6: 120 663 
369,0.6: 334 957 
370,1.1: 62 979 1108 1169 1825 1921 
371,0.8: 224 798 870 
372,0.8: 107 679 698 
373,0.8: 357 500 1379 
374,0.8: 353 1062 1732 
375,1.1: 110 592 961 983 1434 
376,0.8: 119 1094 1408 
377,0.8: 3 33 66 
378,0.6: 26 1357 
379,0.6: 248 1293 
380,1.1: 302 522 797 923 1946 
381,0.8: 55 387 1193 
382,0.8: 305 411 773 
383,0.6: 343 596 
384,0.9: 346 385 1622 1858 
385,1.1: 346 384 662 714 1622 1858 
386,1.1: 137 1098 1530 1722 1740 
387,0.8: 381 621 1193 
388,0.6: 51 1022 
389,0.6: 327 817 
390,0.6: 345 1285 
391,0.2: 221 
392,1.1: 132 288 453 1734 1923 
393,0.9: 150 419 434 1146 
394,0.6: 212 1003 
395,0.6: 336 466 
396,0.6: 137 1722 
397,0.6: 20 227 
398,1.2: 323 431 649 700 936 1115 1715 
399,0.9: 136 864 1348 1435 
400,1.1: 88 562 859 899 1383 
401,0.6: 298 1470 
402,1.2: 149 430 487 613 745 763 1309 
403,0.9: 278 1082 1086 1232 
404,0.9: 67 242 481 1182 
405,0.2: 222 
406,0.9: 263 525 1370 1373 
407,0.9: 274 450 792 1588 
408,0.8: 37 233 1215 
409,0.8: 92 499 1981 
410,0.8: 165 338 1493 
411,0.9: 382 814 1075 1927 
412,0.6: 78 1950 
413,0.2: 142 
414,0.9: 244 475 862 1777 
415,0.9: 46 50 103 202 
416,1.1: 98 645 952 1627 1847 
417,0.9: 195 637 1381 1541 
418,0.9: 21 560 815 1328 
419,0.2: 393 
420,0.9: 335 1145 1747 1871 
421,0.9: 117 999 1297 1770 
422,1.1: 108 591 828 830 965 
423,0.6: 79 1758 
424,0.8: 208 790 980 
425,0.9: 40 200 236 1668 
426,1.4: 10 16 24 31 51 108 565 591 710 1340 1868 
427,0.9: 2 93 786 1935 
428,0.9: 208 1436 1472 1987 
429,0.8: 155 588 1048 
430,1.2: 149 402 461 620 763 885 892 
431,1.1: 398 539 948 1020 1715 1972 
432,0.8: 51 615 1067 
433,1.2: 91 148 275 468 614 688 1190 
434,0.2: 393 
435,1.2: 43 46 103 509 1536 1643 1765 
436,0.9: 206 574 981 1361 
437,0.2: 245 
438,1.1: 63 324 616 793 1148 
439,0.9: 118 945 1046 1239 
440,1.1: 47 56 172 496 866 
441,0.9: 126 668 758 1509 
442,0.2: 95 
443,1.1: 94 140 167 223 1853 
444,0.9: 244 740 1724 1851 
445,1.4: 0 1 3 15 23 89 97 130 1316 1626 1693 
446,0.6: 347 837 
447,0.2: 242 
448,1.3: 7 71 567 706 712 760 1073 1781 
449,0.6: 310 1545 
450,1.3: 181 274 297 407 541 776 1387 1560 
451,0.8: 38 465 897 
452,0.2: 184 
453,0.8: 392 652 1734 
454,1.3: 48 141 144 315 358 918 921 1571 
455,1.3: 14 39 70 146 498 1172 1448 1745 
456,0.6: 193 478 
457,0.8: 307 1265 1500 
458,0.9: 355 536 917 1226 
459,0.8: 57 195 326 
460,1.4: 0 1 4 12 42 142 253 646 1527 1807 
461,0.8: 430 620 1657 
462,0.9: 140 597 878 1816 
463,0.6: 90 530 
464,0.6: 0 2 
465,0.8: 451 658 1584 
466,0.6: 395 514 
467,0.6: 317 532 
468,1.1: 433 614 688 766 1615 
469,1.3: 81 339 746 772 818 890 1010 1626 
470,0.9: 126 568 585 607 
471,0.2: 294 
472,0.2: 100 
473,0.2: 195 
474,0.2: 141 
475,1.1: 244 414 862 1133 1443 1777 
476,1.3: 166 270 573 639 667 1129 1440 1839 1952 
477,0.6: 37 1254 
478,0.6: 456 491 
479,1.2: 175 529 670 671 708 839 1275 
480,0.9: 54 246 1327 1908 
481,0.6: 404 1520 
482,1.1: 229 520 526 707 751 881 
483,0.9: 140 504 764 878 
484,0.6: 57 1637 
485,0.8: 252 768 875 
486,0.6: 356 582 
487,0.8: 402 869 1309 
488,0.6: 338 925 
489,0.2: 359 
490,1.1: 26 81 695 947 1342 1907 
491,0.2: 478 
492,1.1: 47 550 564 1045 1184 1187 
493,0.8: 112 239 1026 
494,0.8: 170 787 1313 
495,0.2: 298 
496,0.2: 440 
497,0.2: 255 
498,1.1: 70 118 146 455 1278 
499,0.6: 409 1981 
500,0.6: 373 1363 
501,0.2: 83 
502,0.6: 180 578 
503,1.1: 231 249 892 1367 1480 1959 
504,0.9: 140 483 1506 1568 
505,1.1: 0 1 3 14 260 538 
506,1.1: 35 648 804 1024 1449 1716 
507,0.8: 327 817 832 
508,1.3: 47 48 57 123 711 824 1479 1565 
509,0.9: 46 435 1643 1720 
510,1.1: 122 137 179 513 519 1119 
511,1.1: 162 336 340 1396 1582 
512,0.6: 155 267 
513,0.8: 137 179 510 
514,0.9: 466 546 843 1056 
515,0.8: 57 277 348 
516,1.3: 0 2 86 150 153 684 1162 1587 
517,0.9: 147 191 250 535 
518,0.8: 156 1481 1937 
519,0.2: 510 
520,0.2: 482 
521,0.2: 361 
522,0.9: 380 797 930 1946 
523,0.8: 11 810 1105 
524,0.2: 282 
525,1.1: 104 263 406 673 1369 
526,0.9: 229 482 605 751 
527,0.8: 117 994 999 
528,0.6: 164 1505 
529,0.6: 479 670 
530,0.6: 463 719 
531,0.2: 143 
532,1.1: 317 467 1140 1387 1992 
533,0.2: 55 
534,0.2: 154 
535,0.8: 191 193 517 
536,0.8: 458 917 1226 
537,0.8: 106 656 1807 
538,1.5: 0 56 204 260 365 505 561 812 842 893 1150 1587 
539,0.6: 431 1714 
540,0.2: 130 
541,0.2: 450 
542,0.6: 124 1522 
543,1.1: 104 569 673 759 1329 1824 
544,0.9: 228 724 1072 1729 
545,0.8: 0 166 877 
546,0.2: 514 
547,0.8: 316 803 1949 
548,0.6: 294 856 
549,0.8: 163 1118 1555 
550,0.6: 492 1045 
551,0.6: 334 1380 
552,0.8: 100 1708 1888 
553,0.8: 192 850 1356 
554,1.1: 9 10 245 333 579 1730 
555,0.2: 5 
556,0.8: 287 1559 1609 
557,0.9: 7 675 1587 1780 
558,0.6: 284 1457 
559,1.1: 137 179 182 610 1699 1870 
560,1.3: 13 21 418 815 993 1102 1333 1496 
561,0.6: 538 812 
562,0.9: 88 400 741 1383 
563,0.9: 147 250 1097 1272 
564,1.3: 5 30 47 492 629 757 1045 1525 1749 
565,1.1: 426 677 710 1268 1340 1868 
566,0.9: 18 106 151 892 
567,1.1: 448 600 686 760 1243 
568,0.8: 126 470 585 
569,0.6: 543 673 
570,0.6: 322 1518 
571,0.8: 322 1518 1613 
572,1.1: 8 29 63 266 1077 1793 
573,1.4: 166 270 476 988 1037 1041 1220 1839 1952 1955 
574,1.1: 206 436 604 981 1361 1564 
575,0.9: 67 132 242 811 
576,0.6: 247 821 
577,0.6: 222 1291 
578,0.6: 502 715 
579,1.3: 3 9 154 334 554 735 755 1577 
580,1.1: 1 144 958 1406 1634 
581,1.1: 73 210 599 1303 1819 
582,0.2: 486 
583,0.2: 8 
584,0.9: 111 1196 1270 1280 
585,1.1: 470 568 607 1032 1223 1826 
586,1.4: 215 232 300 932 1071 1283 1603 1845 1864 1954 
587,0.6: 281 1031 
588,0.6: 155 429 
589,0.6: 2 274 
590,0.8: 153 618 1790 
591,1.2: 24 108 422 426 946 1083 1968 
592,1.2: 9 10 60 110 216 375 1434 
593,1.1: 104 784 829 1329 1349 
594,0.2: 187 
595,0.6: 155 1394 
596,0.9: 383 858 1025 1976 
597,0.9: 462 743 834 1962 
598,0.8: 319 640 931 
599,1.1: 210 581 1382 1444 1819 
600,0.2: 567 
601,0.6: 139 692 
602,0.8: 161 1633 1644 
603,1.1: 1 32 622 675 680 
604,1.1: 574 836 981 1478 1564 
605,1.1: 125 229 526 751 1932 
606,0.8: 263 1266 1438 
607,0.8: 470 585 819 
608,0.6: 24 813 
609,1.3: 39 43 53 260 689 730 752 1180 1783 
610,0.8: 559 1189 1699 
611,0.2: 271 
612,0.9: 64 744 876 1258 
613,0.9: 58 149 402 763 
614,0.9: 433 468 688 1675 
615,0.9: 51 432 1067 1874 
616,0.8: 324 438 1028 
617,0.8: 191 665 1832 
618,0.6: 590 765 
619,1.1: 106 231 657 1273 1407 1491 
620,0.8: 430 461 1657 
621,0.8: 387 1193 1488 
622,1.3: 1 32 80 86 603 675 680 879 1898 
623,0.6: 268 1873 
624,0.8: 197 1420 1610 
625,0.8: 9 18 106 
626,1.1: 132 788 1120 1274 1359 
627,1.1: 44 183 240 703 1068 
628,1.2: 203 666 838 901 1231 1291 1998 
629,1.4: 47 75 564 753 820 825 873 1194 1354 1525 1749 
630,0.6: 336 809 
631,0.8: 256 347 1412 
632,0.8: 113 214 1227 
633,0.8: 269 914 1812 
634,0.8: 346 789 1622 
635,0.6: 117 999 
636,0.8: 296 672 1919 
637,0.8: 195 417 1541 
638,0.8: 159 642 1362 
639,0.8: 476 1129 1952 
640,0.8: 598 705 913 
641,0.2: 341 
642,1.2: 638 726 942 1295 1441 1659 1846 
643,0.9: 107 190 886 1210 
644,0.6: 163 1165 
645,1.2: 69 98 416 723 990 1451 1627 
646,0.6: 460 1130 
647,0.9: 106 314 701 1386 
648,1.1: 35 506 804 1024 1159 1449 
649,0.6: 398 1115 
650,0.6: 327 817 
651,0.2: 124 
652,0.9: 453 720 1734 1894 
653,0.6: 227 1207 
654,0.2: 107 
655,1.1: 8 168 987 1103 1743 
656,0.6: 537 770 
657,1.1: 619 1074 1284 1407 1445 
658,0.6: 465 1776 
659,0.6: 206 1361 
660,0.2: 245 
661,0.6: 253 1527 
662,1.1: 385 762 1009 1055 1858 
663,0.8: 120 368 1132 
664,0.2: 158 
665,0.9: 617 1023 1027 1224 
666,0.8: 628 1231 1700 
667,0.9: 476 1017 1440 1544 
668,1.2: 121 126 192 441 758 883 1347 
669,0.6: 234 1413 
670,1.1: 175 479 529 671 839 1626 
671,1.1: 479 670 708 839 1250 
672,0.2: 636 
673,1.1: 104 525 543 569 1369 1824 
674,1.4: 40 737 801 900 1421 1668 1806 1807 1818 1990 
675,1.6: 0 1 3 7 32 86 557 603 622 680 841 1281 1583 1780 1799 
676,0.2: 223 
677,0.9: 565 1135 1233 1868 
678,1.1: 282 950 1059 1311 1677 
679,0.2: 372 
680,1.1: 603 622 675 1635 1654 
681,1.1: 99 713 733 848 1033 1038 
682,0.9: 0 231 739 1104 
683,0.9: 255 943 1222 1553 
684,1.1: 86 516 780 928 1673 1978 
685,1.1: 59 287 807 896 1468 
686,0.9: 567 760 1243 1974 
687,1.1: 0 1 2 12 178 1599 
688,0.9: 433 468 614 1675 
689,0.8: 609 752 1830 
690,0.8: 40 219 1421 
691,0.8: 34 54 62 
692,0.2: 601 
693,0.8: 240 1655 1663 
694,1.1: 47 139 176 782 921 
695,0.9: 490 947 1648 1907 
696,0.6: 359 1377 
697,0.8: 58 795 1681 
698,1.2: 75 107 176 190 204 372 1034 
699,1.1: 360 989 1442 1653 1914 
700,1.1: 292 323 398 1391 1854 
701,0.6: 647 846 
702,0.8: 194 1112 1235 
703,1.1: 44 183 240 304 627 1068 
704,0.6: 161 215 
705,0.2: 640 
706,0.2: 448 
707,0.2: 482 
708,0.9: 479 671 1178 1250 
709,0.8: 217 1188 1574 
710,1.1: 426 565 919 1335 1868 
711,0.8: 508 824 1479 
712,0.6: 448 808 
713,0.2: 681 
714,0.8: 346 385 1622 
715,1.1: 578 738 891 1323 1752 1833 
716,0.8: 336 809 1880 
717,0.2: 365 
718,0.6: 123 1093 
719,0.2: 530 
720,0.8: 652 1432 1734 
721,0.6: 70 903 
722,0.8: 243 1287 1430 
723,1.1: 645 955 990 1161 1451 
724,0.2: 544 
725,0.2: 289 
726,0.9: 642 942 1128 1164 
727,1.1: 114 816 1030 1508 1904 
728,1.2: 1 3 62 72 96 105 198 
729,0.8: 311 826 1428 
730,0.8: 609 752 1783 
731,0.8: 72 251 1630 
732,0.6: 248 1293 
733,0.8: 681 852 1660 
734,0.2: 273 
735,0.6: 579 755 
736,0.6: 27 129 
737,1.1: 40 674 900 1107 1807 
738,0.9: 715 916 1607 1752 
739,0.6: 682 1039 
740,0.8: 444 1088 1760 
741,0.2: 562 
742,0.8: 265 1396 1909 
743,1.3: 597 800 834 1244 1678 1717 1779 1962 
744,0.6: 612 1258 
745,0.9: 149 402 1308 1309 
746,1.1: 469 818 890 1415 1426 
747,0.8: 143 281 1767 
748,0.6: 105 350 
749,0.6: 309 1842 
750,0.2: 128 
751,0.9: 482 526 605 1932 
752,1.1: 609 689 730 984 1867 
753,0.6: 629 1008 
754,0.9: 133 165 312 1261 
755,0.8: 154 579 735 
756,0.8: 340 1225 1753 
757,0.9: 30 564 1398 1525 
758,0.8: 441 668 1592 
759,0.8: 543 1329 1572 
760,1.1: 7 448 567 686 1243 
761,0.6: 219 767 
762,0.8: 662 1055 1858 
763,1.1: 0 149 402 430 613 892 
764,0.8: 483 1320 1934 
765,0.8: 618 926 944 
766,0.2: 468 
767,0.2: 761 
768,0.2: 485 
769,1.3: 36 58 149 177 298 335 1145 1537 
770,0.2: 656 
771,0.8: 109 1511 1855 
772,0.8: 469 818 1626 
773,0.2: 382 
774,0.2: 96 
775,0.6: 154 258 
776,0.9: 297 450 912 1560 
777,0.6: 119 1096 
778,0.8: 47 791 1704 
779,0.6: 43 911 
780,0.6: 86 684 
781,1.1: 0 1 54 125 1200 
782,0.8: 176 694 921 
783,0.6: 362 1234 
784,1.1: 593 829 1005 1137 1349 
785,0.2: 168 
786,0.6: 427 939 
787,0.6: 170 494 
788,0.6: 626 1883 
789,0.2: 634 
790,0.2: 424 
791,0.9: 778 1245 1687 1704 
792,0.6: 274 407 
793,0.2: 438 
794,0.2: 290 
795,0.6: 697 1788 
796,0.2: 34 
797,0.6: 380 522 
798,1.2: 224 371 870 1277 1598 1662 1835 
799,0.2: 50 
800,1.1: 743 857 860 1061 1596 1678 
801,1.1: 674 1015 1409 1421 1807 
802,1.1: 229 847 1016 1167 1814 
803,1.3: 0 9 18 106 142 316 547 892 1807 
804,1.1: 35 506 648 1024 1716 
805,0.2: 33 
806,1.2: 0 78 102 209 241 1035 1587 
807,0.2: 685 
808,0.8: 712 915 929 
809,1.1: 86 162 336 630 716 1396 
810,0.2: 523 
811,0.2: 575 
812,0.8: 538 561 893 
813,0.6: 608 1466 
814,0.8: 411 1075 1099 
815,1.2: 21 37 85 161 418 560 1011 
816,0.6: 727 967 
817,1.3: 0 2 5 93 327 389 507 650 
818,1.1: 469 746 772 890 1626 
819,0.2: 607 
820,0.8: 629 1176 1749 
821,0.2: 576 
822,0.6: 193 1920 
823,1.1: 2 3 5 119 949 
824,0.6: 508 711 
825,0.6: 629 1194 
826,0.2: 729 
827,0.6: 145 946 
828,0.6: 422 830 
829,1.1: 104 593 784 1137 1349 
830,0.6: 422 828 
831,0.6: 0 254 
832,0.6: 507 1343 
833,0.6: 306 1811 
834,0.9: 597 743 924 1962 
835,0.9: 70 118 998 1046 
836,0.8: 604 981 1478 
837,0.8: 446 1834 1893 
838,0.9: 203 222 628 1291 
839,0.9: 479 670 671 1250 
840,0.6: 145 946 
841,0.6: 675 1773 
842,0.8: 56 538 1150 
843,0.8: 514 992 1056 
844,0.6: 237 1289 
845,0.8: 39 135 1248 
846,0.6: 701 1689 
847,0.8: 802 1167 1814 
848,0.9: 681 1033 1242 1482 
849,0.8: 108 946 1076 
850,0.9: 192 553 883 1356 
851,0.8: 149 157 196 
852,0.2: 733 
853,0.9: 57 150 348 1666 
854,0.2: 158 
855,0.6: 85 894 
856,0.6: 294 548 
857,1.1: 800 860 1061 1596 1678 
858,0.6: 596 1976 
859,0.9: 400 1014 1395 1416 
860,1.1: 800 857 976 1061 1596 1678 
861,0.2: 191 
862,0.6: 414 475 
863,0.6: 148 1602 
864,0.6: 399 1435 
865,0.9: 313 355 917 1437 
866,1.2: 47 48 141 172 440 1127 1642 
867,0.8: 182 907 1870 
868,0.2: 123 
869,0.2: 487 
870,1.1: 224 371 798 1662 1692 
871,0.6: 59 1113 
872,0.6: 149 1145 
873,0.9: 629 1354 1525 1994 
874,0.2: 14 
875,0.2: 485 
876,0.8: 612 1101 1258 
877,0.6: 545 1963 
878,1.1: 140 293 462 483 1292 
879,0.6: 622 1886 
880,0.8: 343 966 1471 
881,0.2: 482 
882,0.8: 60 1170 1213 
883,1.1: 126 192 668 850 902 1769 
884,1.1: 0 2 4 32 1410 
885,0.2: 430 
886,0.8: 190 643 1494 
887,0.6: 260 1852 
888,0.8: 5 140 1873 
889,0.2: 221 
890,1.1: 0 469 746 818 1426 1939 
891,0.8: 715 1454 1833 
892,1.5: 0 1 2 34 106 231 314 430 503 566 763 803 
893,0.6: 538 812 
894,0.2: 855 
895,0.6: 106 1926 
896,1.1: 59 685 1260 1269 1385 1727 
897,0.8: 451 1325 1997 
898,0.2: 356 
899,0.2: 400 
900,0.9: 674 737 1107 1806 
901,0.8: 628 1197 1956 
902,1.1: 883 1012 1465 1594 1601 
903,0.9: 0 70 118 721 
904,0.2: 74 
905,0.6: 11 49 
906,0.2: 69 
907,0.8: 182 867 1870 
908,0.2: 191 
909,0.8: 2 4 1801 
910,0.9: 295 1155 1627 1940 
911,0.6: 779 1764 
912,0.6: 776 968 
913,0.2: 640 
914,0.2: 633 
915,0.9: 808 929 1216 1502 
916,0.2: 738 
917,1.1: 355 458 536 865 1226 
918,0.6: 454 1571 
919,1.1: 710 962 1335 1750 1948 
920,0.2: 365 
921,1.3: 47 48 144 315 358 454 694 782 1052 
922,0.8: 14 32 1447 
923,0.8: 380 960 1013 
924,0.8: 834 1036 1686 
925,0.6: 488 1366 
926,0.2: 765 
927,0.6: 62 1887 
928,0.2: 684 
929,0.9: 808 915 977 1502 
930,0.8: 522 1422 1726 
931,0.8: 319 598 1079 
932,0.8: 586 1283 1346 
933,0.2: 213 
934,0.9: 2 5 1218 1600 
935,0.6: 44 304 
936,0.6: 398 1983 
937,0.9: 28 149 298 953 
938,0.6: 103 1892 
939,0.8: 786 1606 1645 
940,0.6: 27 129 
941,0.2: 320 
942,0.9: 642 726 1295 1441 
943,0.8: 683 1222 1553 
944,0.8: 765 954 1126 
945,0.6: 439 1239 
946,1.5: 1 24 31 108 145 320 332 591 827 840 849 1076 1399 
947,1.1: 26 81 490 695 1907 
948,0.6: 431 1020 
949,0.6: 823 1475 
950,0.6: 678 1605 
951,0.2: 129 
952,0.9: 416 1198 1240 1847 
953,0.2: 937 
954,0.6: 944 1126 
955,1.1: 723 978 990 1161 1405 1706 
956,0.2: 299 
957,0.2: 369 
958,1.1: 580 996 1047 1634 1712 
959,0.2: 263 
960,0.6: 923 1013 
961,0.2: 375 
962,0.6: 919 1579 
963,0.8: 188 1043 1185 
964,0.2: 21 
965,0.8: 108 422 1060 
966,0.2: 880 
967,0.8: 816 1296 1429 
968,0.2: 912 
969,0.6: 89 1626 
970,0.8: 0 1 59 
971,0.8: 16 1460 1817 
972,0.2: 176 
973,0.6: 178 1149 
974,0.8: 237 1289 1501 
975,0.8: 361 1057 1089 
976,0.8: 860 1596 1678 
977,0.6: 929 1358 
978,0.6: 955 1762 
979,0.8: 370 1378 1825 
980,0.6: 424 1111 
981,0.9: 436 574 604 836 
982,0.6: 45 1680 
983,0.6: 375 1434 
984,0.9: 752 1066 1620 1791 
985,0.6: 326 1247 
986,0.2: 51 
987,0.6: 655 1103 
988,0.8: 573 1041 1955 
989,0.9: 360 699 1442 1653 
990,1.2: 645 723 955 1019 1161 1405 1866 
991,0.6: 285 1551 
992,0.6: 843 1319 
993,0.6: 560 1102 
994,0.6: 527 1669 
995,0.2: 155 
996,0.6: 958 1634 
997,0.6: 47 56 
998,1.1: 70 835 1046 1100 1390 
999,1.1: 117 421 527 635 1317 
1000,0.9: 19 1446 1719 1982 
1001,0.8: 214 1304 1334 
1002,0.2: 131 
1003,0.8: 212 394 1731 
1004,1.2: 160 234 262 1122 1163 1182 1930 
1005,0.8: 784 1349 1374 
1006,0.8: 154 188 1848 
1007,0.9: 242 1433 1721 1966 
1008,0.2: 753 
1009,0.2: 662 
1010,1.1: 26 81 253 469 1527 
1011,0.2: 815 
1012,0.8: 902 1594 1601 
1013,0.8: 923 960 1214 
1014,0.6: 859 1395 
1015,1.1: 801 1409 1421 1558 1807 
1016,0.2: 802 
1017,0.6: 667 1544 
1018,0.2: 264 
1019,1.1: 990 1208 1866 1902 1951 
1020,0.6: 431 948 
1021,0.6: 342 1736 
1022,0.6: 388 1299 
1023,0.9: 665 1027 1224 1608 
1024,0.9: 35 506 648 804 
1025,0.2: 596 
1026,0.6: 493 1656 
1027,0.9: 665 1023 1106 1224 
1028,0.8: 324 616 1705 
1029,0.2: 267 
1030,0.6: 727 1904 
1031,0.2: 587 
1032,0.6: 585 1567 
1033,0.8: 99 681 848 
1034,0.6: 698 1423 
1035,0.9: 102 166 209 806 
1036,0.8: 924 1186 1686 
1037,0.8: 573 1305 1952 
1038,0.2: 681 
1039,0.2: 739 
1040,0.2: 108 
1041,1.1: 573 988 1054 1121 1955 
1042,0.6: 367 1696 
1043,1.3: 6 9 154 188 237 963 1185 1515 1918 
1044,0.2: 303 
1045,1.1: 492 550 564 1187 1307 1525 
1046,1.2: 70 118 439 835 998 1100 1390 
1047,0.6: 958 1116 
1048,0.2: 429 
1049,0.2: 361 
1050,0.6: 160 1163 
1051,0.2: 21 
1052,0.2: 921 
1053,0.2: 209 
1054,0.6: 1041 1989 
1055,0.6: 662 762 
1056,0.6: 514 843 
1057,0.8: 975 1089 1219 
1058,0.2: 125 
1059,0.8: 79 282 678 
1060,0.2: 965 
1061,1.1: 800 857 860 1596 1678 
1062,0.2: 374 
1063,0.8: 151 208 1557 
1064,0.8: 20 1670 1756 
1065,1.1: 45 109 136 1326 1683 
1066,0.8: 984 1124 1791 
1067,0.8: 432 615 1152 
1068,0.9: 240 304 627 703 
1069,0.6: 325 351 
1070,0.8: 69 1221 1549 
1071,0.8: 586 1237 1283 
1072,0.9: 228 544 1473 1729 
1073,1.1: 71 94 223 448 1153 
1074,0.2: 657 
1075,1.1: 411 814 1350 1462 1595 1665 
1076,0.6: 849 946 
1077,0.6: 572 1793 
1078,0.2: 205 
1079,0.9: 931 1563 1647 1843 
1080,0.9: 21 85 1636 1733 
1081,0.9: 39 201 1345 1768 
1082,0.6: 403 1912 
1083,0.8: 591 1330 1968 
1084,0.2: 39 
1085,0.8: 34 62 72 
1086,0.2: 403 
1087,0.6: 213 1554 
1088,0.2: 740 
1089,0.8: 361 975 1057 
1090,1.1: 33 87 228 1623 1646 
1091,0.2: 285 
1092,0.2: 264 
1093,0.8: 718 1271 1332 
1094,0.6: 376 1408 
1095,0.2: 96 
1096,0.2: 777 
1097,0.2: 563 
1098,0.9: 386 1484 1530 1658 
1099,0.2: 814 
1100,0.8: 998 1046 1390 
1101,0.2: 876 
1102,0.6: 560 993 
1103,1.1: 655 987 1114 1743 1979 
1104,0.2: 682 
1105,0.6: 523 1942 
1106,0.6: 1027 1534 
1107,0.8: 737 900 1331 
1108,1.1: 370 1169 1691 1921 1970 
1109,0.8: 166 270 1314 
1110,0.6: 274 1418 
1111,0.6: 980 1485 
1112,0.2: 702 
1113,0.2: 871 
1114,0.9: 1103 1256 1743 1979 
1115,0.6: 398 649 
1116,0.6: 1047 1984 
1117,0.6: 257 1131 
1118,0.6: 549 1555 
1119,0.6: 137 510 
1120,0.8: 67 132 626 
1121,0.2: 1041 
1122,0.8: 262 1004 1163 
1123,0.6: 43 53 
1124,0.2: 1066 
1125,0.8: 125 1138 1728 
1126,0.6: 944 954 
1127,0.2: 866 
1128,0.6: 726 1164 
1129,0.9: 476 639 1425 1952 
1130,0.2: 646 
1131,0.2: 1117 
1132,0.2: 663 
1133,0.6: 475 1777 
1134,0.2: 259 
1135,0.2: 677 
1136,0.9: 6 9 106 231 
1137,0.8: 784 829 1349 
1138,0.6: 125 1125 
1139,0.9: 30 47 277 1181 
1140,0.2: 532 
1141,0.6: 71 1781 
1142,0.8: 311 1517 1694 
1143,0.9: 97 104 361 1329 
1144,0.2: 180 
1145,1.4: 149 177 298 335 420 769 872 1537 1747 1871 
1146,0.6: 150 393 
1147,0.6: 5 1679 
1148,0.2: 438 
1149,0.2: 973 
1150,0.9: 538 842 1341 1798 
1151,0.2: 215 
1152,0.6: 1067 1262 
1153,1.1: 0 94 223 299 1073 1944 
1154,1.1: 0 1 24 31 51 134 
1155,0.6: 910 1940 
1156,0.6: 122 1236 
1157,0.2: 246 
1158,0.6: 175 1626 
1159,0.2: 648 
1160,0.6: 37 85 
1161,0.9: 723 955 990 1405 
1162,0.2: 516 
1163,1.1: 160 234 262 1004 1050 1122 
1164,0.6: 726 1128 
1165,0.2: 644 
1166,1.1: 226 284 1168 1632 1857 
1167,0.8: 229 802 847 
1168,0.8: 1166 1255 1857 
1169,0.6: 370 1108 
1170,1.2: 60 101 186 882 1213 1514 1532 
1171,0.6: 207 286 
1172,0.8: 455 1725 1745 
1173,0.2: 324 
1174,0.8: 129 1566 1915 
1175,0.6: 307 1521 
1176,0.2: 820 
1177,1.1: 17 20 76 349 1264 
1178,0.6: 708 1411 
1179,0.8: 7 124 1298 
1180,0.9: 0 2 609 1206 
1181,0.2: 1139 
1182,1.1: 0 1 67 404 1004 
1183,0.6: 298 345 
1184,0.8: 492 1360 1400 
1185,0.6: 963 1043 
1186,0.8: 1036 1450 1686 
1187,0.8: 492 1045 1307 
1188,0.8: 709 1228 1585 
1189,0.6: 610 1238 
1190,0.2: 433 
1191,0.6: 352 1498 
1192,0.6: 7 124 
1193,0.8: 381 387 621 
1194,0.9: 629 825 1372 1844 
1195,0.2: 318 
1196,0.9: 584 1270 1280 1315 
1197,0.2: 901 
1198,0.2: 952 
1199,0.2: 294 
1200,0.8: 0 51 781 
1201,0.6: 94 167 
1202,0.2: 164 
1203,0.8: 2 12 45 
1204,0.2: 27 
1205,0.6: 347 1702 
1206,1.1: 0 2 1180 1241 1538 
1207,0.8: 227 653 1322 
1208,0.8: 1019 1339 1837 
1209,0.6: 16 19 
1210,0.6: 190 643 
1211,0.6: 228 1217 
1212,0.6: 347 1671 
1213,1.1: 101 173 186 882 1170 1532 
1214,0.6: 1013 1821 
1215,0.6: 233 408 
1216,0.2: 915 
1217,0.2: 1211 
1218,0.8: 2 5 934 
1219,0.2: 1057 
1220,0.8: 270 291 573 
1221,0.6: 1070 1549 
1222,0.9: 683 943 1543 1553 
1223,0.2: 585 
1224,0.8: 665 1023 1027 
1225,0.6: 756 1751 
1226,1.2: 0 2 313 355 458 536 917 
1227,0.2: 632 
1228,0.2: 1188 
1229,0.6: 40 213 
1230,0.8: 291 1738 1795 
1231,0.9: 628 666 1301 1700 
1232,0.8: 17 278 403 
1233,0.2: 677 
1234,0.6: 362 783 
1235,0.6: 194 702 
1236,0.6: 1156 1995 
1237,0.2: 1071 
1238,0.8: 1189 1324 1718 
1239,0.6: 439 945 
1240,0.6: 952 1306 
1241,0.2: 1206 
1242,0.2: 848 
1243,0.9: 567 686 760 1355 
1244,0.8: 743 1717 1779 
1245,0.6: 791 1562 
1246,0.6: 360 1914 
1247,0.6: 985 1455 
1248,1.3: 39 43 53 86 135 260 845 1453 
1249,0.9: 263 1266 1365 1861 
1250,0.8: 671 708 839 
1251,0.9: 280 1575 1957 1978 
1252,0.9: 1 14 39 70 
1253,0.6: 0 366 
1254,0.2: 477 
1255,0.2: 1168 
1256,0.6: 1114 1979 
1257,0.2: 360 
1258,0.9: 612 744 876 1352 
1259,0.2: 163 
1260,0.6: 896 1269 
1261,0.6: 133 754 
1262,0.6: 1152 1667 
1263,0.2: 173 
1264,0.8: 1177 1439 1710 
1265,0.9: 307 457 1500 1625 
1266,1.1: 263 606 1249 1365 1593 1697 
1267,0.2: 117 
1268,0.2: 565 
1269,0.6: 896 1260 
1270,0.9: 584 1196 1280 1315 
1271,0.6: 1093 1332 
1272,0.8: 563 1569 1672 
1273,0.2: 619 
1274,0.8: 67 132 626 
1275,0.2: 479 
1276,0.6: 339 1736 
1277,1.1: 798 1312 1597 1688 1835 
1278,0.6: 498 1929 
1279,0.6: 287 1916 
1280,1.1: 584 1196 1270 1487 1589 
1281,0.6: 675 1695 
1282,0.8: 163 1458 1973 
1283,0.8: 586 932 1071 
1284,0.2: 657 
1285,0.6: 390 1290 
1286,0.2: 185 
1287,0.8: 722 1497 1961 
1288,0.2: 247 
1289,0.8: 237 844 974 
1290,0.2: 1285 
1291,1.4: 0 2 203 222 577 628 838 1404 1504 1998 
1292,0.6: 878 1971 
1293,1.1: 248 379 732 1476 1889 
1294,0.2: 364 
1295,0.8: 642 942 1846 
1296,0.6: 967 1578 
1297,1.1: 0 2 4 117 330 421 
1298,0.2: 1179 
1299,0.2: 1022 
1300,0.2: 48 
1301,0.6: 1231 1700 
1302,0.6: 184 1623 
1303,0.6: 581 1819 
1304,0.2: 1001 
1305,0.2: 1037 
1306,0.2: 1240 
1307,0.8: 1045 1187 1525 
1308,0.8: 745 1309 1611 
1309,1.1: 149 402 487 745 1308 1803 
1310,0.6: 355 1774 
1311,1.1: 282 678 1677 1758 1901 
1312,0.2: 1277 
1313,0.2: 494 
1314,0.2: 1109 
1315,0.6: 1196 1270 
1316,1.1: 0 445 1513 1604 1701 
1317,0.6: 999 1792 
1318,0.2: 119 
1319,0.2: 992 
1320,0.6: 764 1934 
1321,0.6: 176 1649 
1322,0.2: 1207 
1323,0.8: 715 1752 1833 
1324,0.2: 1238 
1325,0.2: 897 
1326,0.6: 1065 1683 
1327,0.2: 480 
1328,0.6: 418 1459 
1329,1.3: 89 97 104 543 593 759 1143 1626 
1330,0.2: 1083 
1331,0.2: 1107 
1332,0.6: 1093 1271 
1333,0.6: 560 1496 
1334,0.2: 1001 
1335,0.6: 710 919 
1336,0.2: 347 
1337,0.2: 203 
1338,0.6: 59 1519 
1339,0.2: 1208 
1340,0.6: 426 565 
1341,0.6: 1150 1798 
1342,0.8: 26 81 490 
1343,0.2: 832 
1344,0.2: 362 
1345,0.6: 1081 1768 
1346,0.2: 932 
1347,0.9: 121 126 192 668 
1348,0.8: 45 136 399 
1349,1.1: 593 784 829 1005 1137 
1350,0.2: 1075 
1351,0.6: 80 1652 
1352,0.6: 1258 1703 
1353,1.1: 3 40 1421 1668 1820 
1354,0.8: 629 873 1525 
1355,0.2: 1243 
1356,0.9: 192 553 850 1581 
1357,0.2: 378 
1358,0.6: 977 1486 
1359,0.2: 626 
1360,0.6: 1184 1400 
1361,0.9: 206 436 574 659 
1362,0.2: 638 
1363,0.2: 500 
1364,0.2: 321 
1365,0.9: 1249 1266 1535 1593 
1366,0.2: 925 
1367,0.8: 231 249 503 
1368,0.2: 75 
1369,0.8: 525 673 1824 
1370,0.6: 263 406 
1371,0.8: 20 1419 1591 
1372,0.6: 1194 1844 
1373,0.6: 263 406 
1374,0.2: 1005 
1375,0.2: 111 
1376,0.2: 272 
1377,0.2: 696 
1378,0.2: 979 
1379,0.6: 373 1651 
1380,0.6: 551 1941 
1381,0.2: 417 
1382,0.8: 210 599 1789 
1383,0.8: 88 400 562 
1384,0.2: 337 
1385,1.1: 30 47 59 896 1398 1727 
1386,0.6: 647 1618 
1387,1.1: 0 181 317 450 532 
1388,0.2: 133 
1389,1.1: 50 64 69 98 111 1403 
1390,1.1: 2 118 998 1046 1100 
1391,0.6: 700 1854 
1392,0.2: 77 
1393,0.2: 32 
1394,0.6: 595 1945 
1395,0.8: 859 1014 1531 
1396,1.5: 0 1 10 162 199 265 290 336 511 742 809 1909 
1397,0.2: 173 
1398,1.4: 0 1 30 47 59 287 757 1385 1727 1807 
1399,0.6: 24 946 
1400,0.6: 1184 1360 
1401,0.8: 150 171 1666 
1402,0.6: 362 1561 
1403,0.6: 50 1389 
1404,0.6: 222 1291 
1405,0.9: 955 990 1161 1763 
1406,0.6: 580 1634 
1407,0.6: 619 657 
1408,0.6: 376 1094 
1409,1.1: 801 1015 1421 1558 1807 
1410,0.8: 4 90 884 
1411,0.2: 1178 
1412,0.2: 631 
1413,0.2: 669 
1414,0.6: 260 1629 
1415,0.8: 746 1698 1850 
1416,0.2: 859 
1417,0.2: 195 
1418,0.6: 1110 1810 
1419,0.2: 1371 
1420,0.8: 197 624 1610 
1421,1.6: 0 1 3 13 40 674 690 801 1015 1353 1409 1558 1805 1806 1807 
1422,0.8: 930 1726 1917 
1423,0.6: 1034 1452 
1424,0.6: 308 1991 
1425,0.6: 1129 1547 
1426,0.6: 746 890 
1427,0.2: 239 
1428,0.2: 729 
1429,0.2: 967 
1430,0.2: 722 
1431,0.6: 2 101 
1432,0.6: 720 1734 
1433,0.2: 1007 
1434,0.8: 375 592 983 
1435,0.6: 399 864 
1436,0.2: 428 
1437,0.6: 865 1988 
1438,0.6: 606 1800 
1439,0.2: 1264 
1440,0.6: 476 667 
1441,0.8: 642 942 1846 
1442,0.8: 699 989 1653 
1443,0.2: 475 
1444,0.2: 599 
1445,0.2: 657 
1446,0.6: 1000 1719 
1447,0.6: 14 922 
1448,0.2: 455 
1449,0.8: 0 506 648 
1450,0.8: 1186 1686 1785 
1451,0.6: 645 723 
1452,0.2: 1423 
1453,0.6: 135 1248 
1454,0.6: 891 1833 
1455,0.6: 1247 1977 
1456,0.6: 235 1928 
1457,0.6: 284 558 
1458,0.2: 1282 
1459,0.6: 1328 1542 
1460,0.6: 16 971 
1461,0.6: 23 55 
1462,0.9: 1075 1595 1665 1993 
1463,0.6: 237 1510 
1464,0.2: 103 
1465,0.2: 902 
1466,0.2: 813 
1467,0.6: 155 267 
1468,0.2: 685 
1469,0.2: 126 
1470,0.9: 177 298 401 1828 
1471,0.6: 343 880 
1472,0.2: 428 
1473,0.2: 1072 
1474,0.2: 316 
1475,0.2: 949 
1476,0.6: 1293 1889 
1477,0.2: 354 
1478,0.8: 604 836 1546 
1479,0.8: 508 711 1565 
1480,0.2: 503 
1481,0.2: 518 
1482,0.6: 848 1570 
1483,0.2: 270 
1484,0.6: 1098 1658 
1485,0.2: 1111 
1486,0.2: 1358 
1487,0.6: 1280 1589 
1488,0.2: 621 
1489,0.6: 176 1933 
1490,0.6: 200 1668 
1491,0.2: 619 
1492,0.6: 19 230 
1493,0.9: 165 312 338 410 
1494,0.2: 886 
1495,0.2: 130 
1496,0.6: 560 1333 
1497,0.2: 1287 
1498,0.9: 352 1191 1775 1813 
1499,0.8: 240 1711 1996 
1500,1.2: 83 225 307 457 1265 1625 1772 
1501,0.2: 974 
1502,0.6: 915 929 
1503,0.2: 60 
1504,0.2: 1291 
1505,0.8: 164 528 1761 
1506,0.8: 94 140 504 
1507,0.6: 211 357 
1508,0.2: 727 
1509,0.2: 441 
1510,0.6: 237 1463 
1511,0.2: 771 
1512,0.2: 330 
1513,0.6: 1316 1701 
1514,0.6: 1170 1532 
1515,0.6: 1043 1766 
1516,0.6: 195 1804 
1517,0.2: 1142 
1518,0.8: 322 570 571 
1519,0.2: 1338 
1520,0.2: 481 
1521,0.8: 307 1175 1967 
1522,0.6: 542 1802 
1523,0.6: 34 1836 
1524,0.6: 251 1630 
1525,1.2: 564 629 757 873 1045 1307 1354 
1526,0.2: 212 
1527,1.1: 26 81 253 460 661 1010 
1528,0.6: 61 1616 
1529,0.9: 35 325 1540 1713 
1530,0.6: 386 1098 
1531,0.2: 1395 
1532,1.2: 60 101 113 186 1170 1213 1514 
1533,1.1: 1 17 20 76 156 343 
1534,0.2: 1106 
1535,0.2: 1365 
1536,0.6: 435 1643 
1537,1.1: 769 1145 1640 1871 1875 
1538,0.2: 1206 
1539,0.2: 282 
1540,0.6: 35 1529 
1541,0.6: 417 637 
1542,0.2: 1459 
1543,0.6: 1222 1879 
1544,0.8: 667 1017 1742 
1545,0.9: 310 367 449 1624 
1546,0.2: 1478 
1547,0.2: 1425 
1548,0.2: 63 
1549,0.9: 69 1070 1221 1786 
1550,0.6: 84 91 
1551,0.2: 991 
1552,0.2: 48 
1553,0.8: 683 943 1222 
1554,0.8: 213 1087 1840 
1555,0.6: 549 1118 
1556,0.6: 363 1678 
1557,0.9: 151 208 212 1063 
1558,1.1: 0 1015 1409 1421 1806 
1559,0.6: 287 556 
1560,0.8: 297 450 776 
1561,0.2: 1402 
1562,0.2: 1245 
1563,0.6: 1079 1843 
1564,0.6: 574 604 
1565,0.8: 508 1479 1621 
1566,0.6: 1174 1915 
1567,0.2: 1032 
1568,0.2: 504 
1569,0.2: 1272 
1570,0.2: 1482 
1571,0.6: 454 918 
1572,0.2: 759 
1573,0.8: 10 186 1856 
1574,0.6: 217 709 
1575,0.9: 280 1251 1957 1978 
1576,0.2: 234 
1577,0.2: 579 
1578,0.2: 1296 
1579,0.2: 962 
1580,0.6: 327 1682 
1581,0.2: 1356 
1582,0.6: 336 511 
1583,1.1: 1 14 32 34 675 
1584,0.2: 465 
1585,0.2: 1188 
1586,0.2: 162 
1587,1.4: 0 7 71 94 268 516 538 557 806 1780 1873 
1588,0.6: 274 407 
1589,0.6: 1280 1487 
1590,0.6: 7 1780 
1591,0.6: 1371 1787 
1592,0.2: 758 
1593,0.8: 1266 1365 1794 
1594,0.8: 902 1012 1601 
1595,0.8: 1075 1462 1665 
1596,1.1: 800 857 860 976 1061 1678 
1597,0.8: 1277 1835 1881 
1598,0.2: 798 
1599,0.6: 687 1744 
1600,0.2: 934 
1601,0.8: 902 1012 1594 
1602,0.2: 863 
1603,0.6: 586 1954 
1604,0.2: 1316 
1605,0.2: 950 
1606,0.2: 939 
1607,0.2: 738 
1608,0.2: 1023 
1609,0.2: 556 
1610,0.8: 624 1420 1925 
1611,0.2: 1308 
1612,0.6: 21 61 
1613,0.2: 571 
1614,0.2: 314 
1615,0.2: 468 
1616,0.2: 1528 
1617,0.2: 191 
1618,0.2: 1386 
1619,0.8: 183 240 1650 
1620,0.6: 984 1791 
1621,0.2: 1565 
1622,1.3: 346 384 385 634 714 1707 1849 1858 
1623,1.2: 33 87 184 228 1090 1302 1646 
1624,0.2: 1545 
1625,0.6: 1265 1500 
1626,1.6: 0 1 3 17 89 97 175 445 469 670 772 818 969 1158 1329 
1627,1.1: 98 295 416 645 910 1940 
1628,0.2: 355 
1629,0.2: 1414 
1630,1.1: 72 131 251 731 1524 
1631,0.2: 316 
1632,0.6: 1166 1857 
1633,0.2: 602 
1634,0.9: 580 958 996 1406 
1635,0.6: 680 1654 
1636,0.2: 1080 
1637,0.2: 484 
1638,0.8: 14 1674 1885 
1639,0.6: 77 321 
1640,0.2: 1537 
1641,0.6: 0 251 
1642,0.8: 47 172 866 
1643,1.1: 43 46 435 509 1536 1720 
1644,0.6: 161 602 
1645,0.2: 939 
1646,0.6: 1090 1623 
1647,0.2: 1079 
1648,0.6: 695 1907 
1649,0.2: 1321 
1650,0.8: 44 183 1619 
1651,0.6: 1379 1922 
1652,0.2: 1351 
1653,0.8: 699 989 1442 
1654,0.6: 680 1635 
1655,0.6: 693 1896 
1656,0.2: 1026 
1657,0.6: 461 620 
1658,0.6: 1098 1484 
1659,0.2: 642 
1660,0.6: 733 1862 
1661,0.2: 260 
1662,0.8: 224 798 870 
1663,0.2: 693 
1664,0.2: 175 
1665,0.9: 1075 1462 1595 1859 
1666,1.1: 1 150 171 853 1401 
1667,0.2: 1262 
1668,1.2: 40 200 236 425 674 1353 1490 
1669,0.2: 994 
1670,0.6: 1064 1756 
1671,0.6: 1212 1741 
1672,0.6: 1272 1863 
1673,0.2: 684 
1674,0.6: 14 1638 
1675,0.8: 614 688 1960 
1676,0.2: 140 
1677,0.9: 282 678 1311 1901 
1678,1.4: 0 1 363 743 800 857 860 976 1061 1556 1596 
1679,0.2: 1147 
1680,0.2: 982 
1681,0.6: 697 1796 
1682,0.2: 1580 
1683,0.8: 1065 1326 1782 
1684,0.6: 1 199 
1685,0.6: 0 233 
1686,0.9: 924 1036 1186 1450 
1687,0.2: 791 
1688,0.6: 1277 1835 
1689,0.2: 846 
1690,0.2: 70 
1691,0.6: 1108 1921 
1692,0.2: 870 
1693,0.2: 445 
1694,0.2: 1142 
1695,0.2: 1281 
1696,0.2: 1042 
1697,0.2: 1266 
1698,0.6: 1415 1850 
1699,0.6: 559 610 
1700,0.8: 666 1231 1301 
1701,0.8: 0 1316 1513 
1702,0.2: 1205 
1703,0.2: 1352 
1704,0.6: 778 791 
1705,0.2: 1028 
1706,0.2: 955 
1707,1.1: 1622 1849 1858 1872 1899 
1708,0.2: 552 
1709,0.6: 7 124 
1710,0.2: 1264 
1711,0.6: 1499 1996 
1712,0.2: 958 
1713,0.2: 1529 
1714,0.2: 539 
1715,1.3: 0 323 398 431 1807 1869 1878 1965 
1716,0.6: 506 804 
1717,0.6: 743 1244 
1718,0.2: 1238 
1719,0.6: 1000 1446 
1720,0.6: 509 1643 
1721,0.2: 1007 
1722,0.9: 137 386 396 1822 
1723,0.2: 97 
1724,0.6: 444 1851 
1725,0.2: 1172 
1726,0.6: 930 1422 
1727,1.1: 30 47 59 896 1385 1398 
1728,0.2: 1125 
1729,0.6: 544 1072 
1730,0.2: 554 
1731,0.2: 1003 
1732,0.6: 353 374 
1733,0.2: 1080 
1734,1.2: 288 392 453 652 720 1432 1754 
1735,0.2: 180 
1736,1.1: 81 339 342 1021 1276 
1737,0.2: 91 
1738,0.6: 291 1230 
1739,0.2: 174 
1740,0.2: 386 
1741,0.2: 1671 
1742,0.2: 1544 
1743,0.8: 655 1103 1114 
1744,0.6: 1599 1838 
1745,0.6: 455 1172 
1746,0.2: 260 
1747,0.8: 420 1145 1871 
1748,0.2: 56 
1749,1.2: 0 1 47 564 629 820 1841 
1750,0.6: 919 1948 
1751,0.2: 1225 
1752,0.9: 715 738 1323 1833 
1753,0.2: 756 
1754,0.2: 1734 
1755,0.2: 163 
1756,0.6: 1064 1670 
1757,0.2: 146 
1758,0.9: 79 282 423 1311 
1759,0.2: 220 
1760,0.2: 740 
1761,0.2: 1505 
1762,0.2: 978 
1763,0.2: 1405 
1764,0.2: 911 
1765,0.2: 435 
1766,0.2: 1515 
1767,0.2: 747 
1768,0.6: 1081 1345 
1769,0.2: 883 
1770,0.6: 117 421 
1771,0.2: 198 
1772,0.8: 83 225 1500 
1773,0.2: 841 
1774,0.2: 1310 
1775,0.2: 1498 
1776,0.2: 658 
1777,0.8: 414 475 1133 
1778,0.6: 288 1884 
1779,0.6: 743 1244 
1780,1.1: 7 557 675 1587 1590 
1781,0.8: 71 448 1141 
1782,0.2: 1683 
1783,0.6: 609 730 
1784,0.2: 1 
1785,0.6: 1450 1903 
1786,0.6: 1549 1910 
1787,0.2: 1591 
1788,0.2: 795 
1789,0.2: 1382 
1790,0.2: 590 
1791,0.8: 984 1066 1620 
1792,0.6: 1317 1938 
1793,0.8: 572 1077 1876 
1794,0.2: 1593 
1795,0.2: 1230 
1796,0.2: 1681 
1797,0.2: 78 
1798,0.6: 1150 1341 
1799,0.2: 675 
1800,0.2: 1438 
1801,0.2: 909 
1802,0.2: 1522 
1803,0.2: 1309 
1804,0.2: 1516 
1805,0.9: 1421 1806 1900 1985 
1806,1.1: 674 900 1421 1558 1805 
1807,1.9: 0 1 2 3 4 5 6 9 18 30 40 106 212 253 323 460 537 674 737 801 803 1015 1398 1409 1421 1715 1878 
1808,0.2: 248 
1809,0.2: 236 
1810,0.2: 1418 
1811,0.2: 833 
1812,0.6: 633 1924 
1813,0.2: 1498 
1814,0.6: 802 847 
1815,0.2: 223 
1816,0.2: 462 
1817,0.2: 971 
1818,0.2: 674 
1819,0.8: 581 599 1303 
1820,0.8: 1 40 1353 
1821,0.2: 1214 
1822,0.2: 1722 
1823,0.2: 190 
1824,0.9: 104 543 673 1369 
1825,0.6: 370 979 
1826,0.2: 585 
1827,0.2: 24 
1828,0.2: 1470 
1829,0.6: 114 1839 
1830,0.2: 689 
1831,0.2: 218 
1832,0.2: 617 
1833,1.1: 715 891 1323 1454 1752 
1834,0.2: 837 
1835,0.9: 798 1277 1597 1688 
1836,0.2: 1523 
1837,0.2: 1208 
1838,0.2: 1744 
1839,1.4: 78 102 114 166 235 270 476 573 1829 1952 
1840,0.2: 1554 
1841,0.2: 1749 
1842,0.8: 82 309 749 
1843,0.6: 1079 1563 
1844,0.6: 1194 1372 
1845,0.8: 586 1864 1882 
1846,0.8: 642 1295 1441 
1847,0.6: 416 952 
1848,0.6: 154 1006 
1849,0.6: 1622 1707 
1850,0.6: 1415 1698 
1851,0.6: 444 1724 
1852,0.2: 887 
1853,0.9: 7 71 94 443 
1854,0.6: 700 1391 
1855,0.2: 771 
1856,0.2: 1573 
1857,0.9: 284 1166 1168 1632 
1858,1.3: 32 346 384 385 662 762 1622 1707 1872 
1859,0.2: 1665 
1860,0.2: 78 
1861,0.2: 1249 
1862,0.2: 1660 
1863,0.2: 1672 
1864,0.6: 586 1845 
1865,0.2: 32 
1866,0.6: 990 1019 
1867,0.2: 752 
1868,0.9: 426 565 677 710 
1869,0.8: 1715 1878 1965 
1870,1.3: 2 5 137 179 182 559 867 907 
1871,1.2: 149 157 420 1145 1537 1747 1875 
1872,0.8: 1707 1858 1899 
1873,1.1: 94 140 268 623 888 1587 
1874,0.6: 51 615 
1875,0.6: 1537 1871 
1876,0.6: 1793 1953 
1877,0.6: 52 279 
1878,1.2: 0 1 30 1715 1807 1869 1965 
1879,0.2: 1543 
1880,0.2: 716 
1881,0.2: 1597 
1882,0.2: 1845 
1883,0.2: 788 
1884,0.2: 1778 
1885,0.6: 1638 1897 
1886,0.2: 879 
1887,0.2: 927 
1888,1.2: 13 21 37 68 84 100 552 
1889,0.9: 124 248 1293 1476 
1890,0.2: 179 
1891,0.8: 149 177 335 
1892,0.2: 938 
1893,0.2: 837 
1894,0.2: 652 
1895,0.2: 356 
1896,0.2: 1655 
1897,0.2: 1885 
1898,0.2: 622 
1899,0.6: 1707 1872 
1900,0.2: 1805 
1901,0.6: 1311 1677 
1902,0.2: 1019 
1903,0.2: 1785 
1904,0.9: 114 235 727 1030 
1905,0.8: 94 223 272 
1906,0.2: 126 
1907,0.9: 490 695 947 1648 
1908,0.2: 480 
1909,0.6: 742 1396 
1910,0.2: 1786 
1911,0.2: 35 
1912,0.2: 1082 
1913,0.2: 273 
1914,0.8: 360 699 1246 
1915,0.6: 1174 1566 
1916,0.2: 1279 
1917,0.2: 1422 
1918,0.2: 1043 
1919,0.8: 56 296 636 
1920,0.2: 822 
1921,0.9: 62 370 1108 1691 
1922,0.2: 1651 
1923,0.8: 67 132 392 
1924,0.2: 1812 
1925,0.2: 1610 
1926,0.2: 895 
1927,0.2: 411 
1928,0.2: 1456 
1929,0.2: 1278 
1930,0.2: 1004 
1931,0.2: 172 
1932,0.6: 605 751 
1933,0.8: 107 176 1489 
1934,0.6: 764 1320 
1935,0.2: 427 
1936,0.8: 10 16 38 
1937,0.8: 1 156 518 
1938,0.2: 1792 
1939,0.2: 890 
1940,1.1: 98 295 910 1155 1627 
1941,0.2: 1380 
1942,0.2: 1105 
1943,0.2: 238 
1944,0.2: 1153 
1945,0.6: 1394 1958 
1946,0.8: 302 380 522 
1947,0.2: 141 
1948,0.6: 919 1750 
1949,0.2: 547 
1950,0.2: 412 
1951,0.2: 1019 
1952,1.1: 476 573 639 1037 1129 1839 
1953,0.2: 1876 
1954,0.6: 586 1603 
1955,0.8: 573 988 1041 
1956,0.2: 901 
1957,0.6: 1251 1575 
1958,0.2: 1945 
1959,0.2: 503 
1960,0.2: 1675 
1961,0.2: 1287 
1962,0.8: 597 743 834 
1963,0.2: 877 
1964,0.2: 8 
1965,0.8: 1715 1869 1878 
1966,0.6: 242 1007 
1967,0.2: 1521 
1968,0.6: 591 1083 
1969,0.2: 223 
1970,0.2: 1108 
1971,0.2: 1292 
1972,0.2: 431 
1973,0.2: 1282 
1974,0.2: 686 
1975,0.9: 62 72 163 218 
1976,0.6: 596 858 
1977,0.2: 1455 
1978,1.3: 0 14 46 86 280 684 1251 1575 
1979,0.8: 1103 1114 1256 
1980,0.2: 205 
1981,0.8: 92 409 499 
1982,0.2: 1000 
1983,0.2: 936 
1984,0.2: 1116 
1985,0.2: 1805 
1986,0.2: 143 
1987,0.2: 428 
1988,0.2: 1437 
1989,0.2: 1054 
1990,0.8: 2 5 674 
1991,0.2: 1424 
1992,0.6: 317 532 
1993,0.2: 1462 
1994,0.2: 873 
1995,0.2: 1236 
1996,0.6: 1499 1711 
1997,0.2: 897 
1998,1.1: 2 203 238 628 1291 
1999,0.2: 264 
