500 
0,2: 1 4 5 8 9 10 19 20 39 41 47 59 80 81 93 96 98 103 111 146 193 196 205 213 250 292 300 302 306 395 401 408 490 
1,1.9: 0 2 3 9 10 19 36 47 53 59 67 81 88 148 172 205 213 222 265 289 299 300 302 325 373 395 408 453 
2,1.7: 1 6 13 15 23 41 47 53 59 69 111 117 126 143 147 197 325 382 392 395 
3,1.1: 1 9 36 201 395 
4,1.1: 0 10 39 213 395 
5,1.3: 0 9 10 18 62 80 291 356 440 
6,1.6: 2 7 13 23 25 35 41 59 73 96 126 173 174 352 441 478 
7,1.4: 6 12 38 51 58 96 173 195 424 441 478 
8,1.2: 0 9 14 93 103 146 227 
9,1.7: 0 1 3 5 8 10 11 46 47 60 67 74 80 102 154 299 369 385 395 401 
10,1.7: 0 1 4 5 9 22 36 46 49 116 172 196 205 213 229 277 395 
11,1.4: 9 16 30 60 67 72 110 299 330 369 
12,0.8: 7 169 251 
13,1.3: 2 6 23 41 45 59 198 434 
14,1.1: 8 32 42 97 157 225 
15,1.4: 2 17 34 82 106 112 223 295 306 392 
16,1.1: 11 72 79 190 408 
17,1.2: 15 24 50 112 171 176 423 
18,1.1: 5 21 75 101 355 
19,1.1: 0 1 47 205 302 
20,0.9: 0 68 107 196 
21,0.8: 18 75 100 
22,1.3: 10 46 48 49 196 213 277 395 
23,1.6: 2 6 13 27 29 31 41 59 63 96 140 143 178 186 320 383 
24,0.9: 17 105 121 176 
25,1.5: 6 26 28 43 57 96 111 124 174 184 210 278 479 
26,1.3: 25 28 57 61 92 124 158 210 374 
27,1.5: 23 31 40 41 56 63 65 98 140 206 300 320 
28,1.2: 25 26 57 85 124 193 426 
29,0.9: 23 41 133 345 
30,0.9: 11 64 70 123 
31,1.1: 23 27 33 41 71 
32,0.8: 14 83 157 
33,1.1: 31 37 54 71 485 
34,1.1: 15 82 141 219 306 
35,0.8: 6 84 260 
36,1.1: 1 3 10 196 347 395 
37,0.9: 33 128 334 384 
38,0.9: 7 90 249 484 
39,1.3: 0 4 137 155 156 160 213 259 395 
40,1.1: 27 41 63 140 143 
41,1.7: 0 2 6 13 23 27 29 31 40 44 52 59 77 111 138 143 147 345 366 
42,0.9: 14 55 157 202 
43,0.8: 25 96 273 
44,0.8: 41 52 143 
45,0.8: 13 66 198 
46,1.3: 9 10 22 91 139 180 182 237 
47,1.4: 0 1 2 9 19 76 108 205 333 382 
48,1.2: 22 49 109 114 196 254 395 
49,1.1: 10 22 48 109 254 395 
50,0.8: 17 136 416 
51,0.8: 7 89 478 
52,0.8: 41 44 456 
53,1.2: 1 2 252 325 403 453 454 
54,0.9: 33 175 332 485 
55,0.8: 42 157 293 
56,0.9: 27 65 167 320 
57,1.6: 25 26 28 78 92 96 113 124 150 187 210 242 289 374 438 
58,1.2: 7 87 94 214 265 424 443 
59,1.3: 0 1 2 6 13 23 41 147 478 
60,1.3: 9 11 99 120 125 130 299 467 
61,1.2: 26 92 96 153 172 286 337 
62,0.2: 5 
63,1.1: 23 27 40 140 206 360 
64,0.6: 30 70 
65,1.1: 27 56 206 296 320 
66,1.1: 45 191 198 241 276 491 
67,1.1: 1 9 11 154 299 
68,0.6: 20 129 
69,0.8: 2 163 389 
70,0.8: 30 64 86 
71,1.2: 31 33 194 307 313 407 433 
72,0.6: 11 16 
73,1.1: 6 104 344 352 441 
74,1.1: 9 102 294 299 369 373 
75,0.9: 18 21 95 224 
76,0.8: 47 108 215 
77,0.9: 41 111 148 244 
78,1.1: 57 187 210 218 317 374 
79,0.9: 16 211 257 451 
80,1.3: 0 5 9 159 165 181 275 401 
81,1.1: 0 1 148 221 395 408 
82,1.2: 15 34 118 219 222 226 306 
83,0.6: 32 122 
84,0.6: 35 231 
85,0.8: 28 115 400 
86,0.9: 70 131 166 462 
87,0.2: 58 
88,0.6: 1 205 
89,0.9: 51 208 217 497 
90,0.6: 38 192 
91,1.1: 46 139 151 180 365 473 
92,1.2: 26 57 61 96 174 188 289 
93,1.1: 0 8 103 132 144 
94,1.1: 58 214 310 338 468 
95,0.2: 75 
96,1.5: 0 6 7 23 25 43 57 61 92 174 187 188 240 
97,1.1: 14 142 145 266 297 
98,1.2: 0 27 149 196 300 309 410 
99,0.2: 60 
100,0.6: 21 212 
101,0.9: 18 255 355 364 
102,0.8: 9 74 299 
103,1.2: 0 8 93 119 144 146 270 
104,0.8: 73 261 441 
105,0.6: 24 152 
106,0.6: 15 324 
107,0.6: 20 264 
108,0.8: 47 76 247 
109,1.2: 48 49 134 189 254 304 395 
110,0.9: 11 274 303 368 
111,1.4: 0 2 25 41 77 135 147 148 244 387 
112,0.8: 15 17 458 
113,0.8: 57 187 317 
114,0.9: 48 164 254 437 
115,0.6: 85 488 
116,0.9: 10 235 323 395 
117,0.9: 2 281 382 413 
118,0.6: 82 219 
119,1.1: 103 144 207 270 353 
120,0.6: 60 161 
121,0.6: 24 475 
122,0.6: 83 422 
123,0.6: 30 308 
124,1.2: 25 26 28 57 150 242 472 
125,0.6: 60 245 
126,0.9: 2 6 127 490 
127,1.2: 126 162 243 279 432 490 494 
128,0.8: 37 170 334 
129,0.2: 68 
130,0.8: 60 216 233 
131,0.8: 86 269 462 
132,0.6: 93 379 
133,0.6: 29 345 
134,0.9: 109 189 304 395 
135,0.6: 111 147 
136,0.2: 50 
137,0.6: 39 155 
138,0.9: 41 179 203 248 
139,1.1: 46 91 365 398 473 
140,1.1: 23 27 40 63 168 
141,0.8: 34 341 461 
142,0.2: 97 
143,1.2: 2 23 40 41 44 404 452 
144,1.1: 93 103 119 207 353 
145,0.6: 97 297 
146,1.1: 0 8 103 200 227 
147,1.2: 2 41 59 111 135 331 478 
148,1.3: 1 77 81 111 238 244 301 408 
149,0.6: 98 399 
150,0.8: 57 124 242 
151,0.2: 91 
152,0.6: 105 256 
153,0.6: 61 172 
154,1.1: 9 67 299 448 483 
155,1.1: 39 137 284 348 372 
156,1.1: 39 160 209 259 326 
157,1.1: 14 32 42 55 177 
158,0.6: 26 210 
159,0.6: 80 181 
160,0.8: 39 156 259 
161,0.6: 120 288 
162,0.9: 127 243 272 490 
163,0.2: 69 
164,0.8: 114 437 463 
165,0.8: 80 199 246 
166,0.8: 86 236 462 
167,0.6: 56 262 
168,0.6: 140 354 
169,0.8: 12 336 411 
170,0.6: 128 334 
171,0.9: 17 183 232 350 
172,1.2: 1 10 61 153 196 314 325 
173,0.6: 6 7 
174,1.1: 6 25 92 96 253 357 
175,0.8: 54 332 485 
176,0.9: 17 24 343 423 
177,0.6: 157 351 
178,0.6: 23 186 
179,0.6: 138 495 
180,1.1: 46 91 311 365 457 
181,0.6: 80 159 
182,0.9: 46 185 237 319 
183,0.2: 171 
184,0.6: 25 278 
185,0.8: 182 298 319 
186,0.6: 23 178 
187,1.3: 57 78 96 113 210 240 317 349 396 
188,0.8: 92 96 240 
189,0.9: 109 134 254 499 
190,0.2: 16 
191,1.2: 66 204 241 290 346 430 464 
192,0.8: 90 220 228 
193,0.6: 0 28 
194,0.8: 71 381 407 
195,0.2: 7 
196,1.4: 0 10 20 22 36 48 98 172 254 271 
197,0.8: 2 263 469 
198,1.1: 13 45 66 434 491 
199,0.2: 165 
200,0.6: 146 489 
201,0.8: 3 282 395 
202,0.2: 42 
203,0.2: 138 
204,0.9: 191 268 290 419 
205,1.1: 0 1 10 19 47 88 
206,1.1: 27 63 65 315 320 
207,0.8: 119 144 353 
208,0.6: 89 217 
209,0.6: 156 439 
210,1.3: 25 26 57 78 158 187 374 496 
211,0.6: 79 363 
212,0.2: 100 
213,1.2: 0 1 4 10 22 39 329 
214,0.6: 58 94 
215,0.2: 76 
216,0.6: 130 233 
217,0.6: 89 208 
218,0.9: 78 230 386 447 
219,1.1: 34 82 118 312 362 
220,0.2: 192 
221,0.2: 81 
222,0.8: 1 82 453 
223,0.9: 15 239 258 392 
224,0.6: 75 234 
225,0.2: 14 
226,0.2: 82 
227,0.6: 8 146 
228,0.2: 192 
229,0.6: 10 395 
230,0.8: 218 397 444 
231,0.2: 84 
232,0.2: 171 
233,0.6: 130 216 
234,0.2: 224 
235,0.6: 116 395 
236,0.8: 166 285 462 
237,0.8: 46 182 319 
238,0.6: 148 408 
239,0.9: 223 258 367 429 
240,1.1: 96 187 188 318 349 
241,0.6: 66 191 
242,0.8: 57 124 150 
243,0.8: 127 162 490 
244,1.2: 77 111 148 301 408 470 493 
245,0.2: 125 
246,0.2: 165 
247,0.2: 108 
248,0.2: 138 
249,0.2: 38 
250,0.2: 0 
251,0.6: 12 342 
252,0.2: 53 
253,0.2: 174 
254,1.1: 48 49 109 114 189 196 
255,0.9: 101 355 390 449 
256,0.2: 152 
257,0.6: 79 305 
258,0.8: 223 239 367 
259,0.9: 39 156 160 267 
260,0.6: 35 446 
261,0.2: 104 
262,0.6: 167 340 
263,0.6: 197 469 
264,0.2: 107 
265,0.8: 1 58 361 
266,0.2: 97 
267,0.6: 259 420 
268,0.2: 204 
269,0.6: 131 482 
270,0.8: 103 119 376 
271,0.6: 196 280 
272,0.2: 162 
273,0.2: 43 
274,1.1: 110 283 287 303 368 465 
275,0.2: 80 
276,0.6: 66 322 
277,0.8: 10 22 436 
278,0.9: 25 184 409 421 
279,1.1: 127 358 471 490 494 
280,0.2: 271 
281,0.8: 117 382 413 
282,0.2: 201 
283,0.9: 274 328 368 377 
284,0.6: 155 348 
285,0.2: 236 
286,0.2: 61 
287,0.6: 274 303 
288,0.6: 161 477 
289,1.1: 1 57 92 438 487 
290,0.8: 191 204 327 
291,0.8: 5 356 371 
292,0.2: 0 
293,0.6: 55 359 
294,0.8: 74 299 369 
295,0.2: 15 
296,0.2: 65 
297,0.8: 97 145 417 
298,0.8: 185 319 321 
299,1.4: 1 9 11 60 67 74 102 154 294 339 369 
300,1.1: 0 1 27 98 405 
301,0.8: 148 244 408 
302,0.9: 0 1 19 393 
303,1.1: 110 274 287 335 368 
304,0.6: 109 134 
305,0.2: 257 
306,0.9: 0 15 34 82 
307,0.2: 71 
308,0.2: 123 
309,0.2: 98 
310,0.8: 94 428 468 
311,0.6: 180 365 
312,0.2: 219 
313,0.6: 71 375 
314,0.6: 172 316 
315,0.2: 206 
316,0.2: 314 
317,1.1: 78 113 187 380 396 
318,0.6: 240 349 
319,0.9: 182 185 237 298 
320,1.2: 23 27 56 65 206 391 402 
321,0.2: 298 
322,0.2: 276 
323,0.6: 116 395 
324,0.2: 106 
325,1.1: 1 2 53 172 453 
326,0.2: 156 
327,0.2: 290 
328,0.6: 283 377 
329,0.2: 213 
330,0.2: 11 
331,0.6: 147 478 
332,0.8: 54 175 485 
333,0.6: 47 382 
334,0.8: 37 128 170 
335,0.2: 303 
336,0.6: 169 388 
337,0.6: 61 466 
338,0.8: 94 418 468 
339,0.2: 299 
340,0.2: 262 
341,0.6: 141 461 
342,0.2: 251 
343,0.2: 176 
344,0.2: 73 
345,0.9: 29 41 133 442 
346,0.2: 191 
347,0.2: 36 
348,0.6: 155 284 
349,0.8: 187 240 318 
350,0.2: 171 
351,0.2: 177 
352,0.8: 6 73 441 
353,0.8: 119 144 207 
354,0.2: 168 
355,0.8: 18 101 255 
356,0.9: 5 291 371 492 
357,0.2: 174 
358,0.8: 279 471 486 
359,0.6: 293 370 
360,0.2: 63 
361,0.2: 265 
362,0.2: 219 
363,0.2: 211 
364,0.2: 101 
365,1.1: 91 139 180 311 406 
366,0.2: 41 
367,0.9: 239 258 415 429 
368,1.1: 110 274 283 303 435 
369,1.1: 9 11 74 294 299 
370,0.2: 359 
371,0.6: 291 356 
372,0.2: 155 
373,0.8: 1 74 378 
374,0.9: 26 57 78 210 
375,0.2: 313 
376,0.2: 270 
377,0.8: 283 328 427 
378,0.2: 373 
379,0.2: 132 
380,0.8: 317 396 425 
381,0.2: 194 
382,1.1: 2 47 117 281 333 
383,0.2: 23 
384,0.2: 37 
385,0.6: 9 480 
386,0.2: 218 
387,0.2: 111 
388,0.2: 336 
389,0.2: 69 
390,0.6: 255 498 
391,0.6: 320 394 
392,0.8: 2 15 223 
393,0.2: 302 
394,0.2: 391 
395,1.7: 0 1 2 3 4 9 10 22 36 39 48 49 81 109 116 134 201 229 235 323 
396,0.9: 187 317 380 425 
397,0.2: 230 
398,0.6: 139 473 
399,0.2: 149 
400,0.2: 85 
401,0.9: 0 9 80 481 
402,0.6: 320 412 
403,0.2: 53 
404,0.8: 143 452 455 
405,0.6: 300 414 
406,0.2: 365 
407,0.6: 71 194 
408,1.3: 0 1 16 81 148 238 244 301 
409,0.2: 278 
410,0.2: 98 
411,0.2: 169 
412,0.6: 402 460 
413,0.8: 117 281 474 
414,0.2: 405 
415,0.6: 367 429 
416,0.6: 50 431 
417,0.2: 297 
418,0.2: 338 
419,0.2: 204 
420,0.6: 267 445 
421,0.2: 278 
422,0.2: 122 
423,0.6: 17 176 
424,0.6: 7 58 
425,0.6: 380 396 
426,0.6: 28 450 
427,0.2: 377 
428,0.2: 310 
429,0.8: 239 367 415 
430,0.2: 191 
431,0.2: 416 
432,0.2: 127 
433,0.2: 71 
434,0.6: 13 198 
435,0.2: 368 
436,0.2: 277 
437,0.6: 114 164 
438,0.6: 57 289 
439,0.2: 209 
440,0.2: 5 
441,1.1: 6 7 73 104 352 
442,0.6: 345 476 
443,0.2: 58 
444,0.2: 230 
445,0.2: 420 
446,0.2: 260 
447,0.6: 218 459 
448,0.2: 154 
449,0.2: 255 
450,0.2: 426 
451,0.2: 79 
452,0.6: 143 404 
453,0.9: 1 53 222 325 
454,0.2: 53 
455,0.2: 404 
456,0.2: 52 
457,0.2: 180 
458,0.2: 112 
459,0.2: 447 
460,0.2: 412 
461,0.6: 141 341 
462,0.9: 86 131 166 236 
463,0.2: 164 
464,0.2: 191 
465,0.2: 274 
466,0.2: 337 
467,0.2: 60 
468,0.8: 94 310 338 
469,0.6: 197 263 
470,0.6: 244 493 
471,0.6: 279 358 
472,0.2: 124 
473,0.8: 91 139 398 
474,0.2: 413 
475,0.2: 121 
476,0.2: 442 
477,0.2: 288 
478,1.1: 6 7 51 59 147 331 
479,0.2: 25 
480,0.2: 385 
481,0.2: 401 
482,0.2: 269 
483,0.2: 154 
484,0.2: 38 
485,0.9: 33 54 175 332 
486,0.2: 358 
487,0.2: 289 
488,0.2: 115 
489,0.2: 200 
490,1.2: 0 126 127 162 243 279 494 
491,0.6: 66 198 
492,0.2: 356 
493,0.6: 244 470 
494,0.8: 127 279 490 
495,0.2: 179 
496,0.2: 210 
497,0.2: 89 
498,0.2: 390 
499,0.2: 189 
