250 
0,1.9: 1 21 28 30 31 37 38 45 62 77 81 102 103 111 116 118 120 122 125 127 128 142 158 168 215 220 248 
1,2: 0 2 3 5 6 7 10 13 18 30 31 37 38 45 57 62 77 81 102 103 112 125 126 127 128 129 135 142 143 150 158 202 204 218 
2,1.6: 1 5 10 31 32 35 62 115 126 128 143 150 174 218 
3,1.7: 1 4 6 7 9 15 17 19 28 31 38 54 62 102 124 126 127 140 167 175 
4,1.4: 3 6 7 9 15 17 20 28 31 128 170 
5,1.4: 1 2 8 11 30 32 78 125 126 174 
6,1.4: 1 3 4 7 9 17 31 81 118 146 227 
7,1.6: 1 3 4 6 9 17 31 34 41 81 101 127 128 170 221 
8,0.9: 5 23 42 49 
9,1.4: 3 4 6 7 17 80 81 127 168 170 204 
10,1.4: 1 2 27 47 51 55 62 126 140 143 148 
11,0.9: 5 12 32 174 
12,0.8: 11 195 213 
13,1.4: 1 14 24 37 52 81 102 133 190 203 222 
14,1.3: 13 16 52 79 85 135 202 203 
15,1.3: 3 4 17 28 29 80 88 99 242 
16,1.3: 14 71 74 85 135 151 190 203 
17,1.5: 3 4 6 7 9 15 25 28 66 80 90 119 154 
18,1.3: 1 22 31 38 45 67 112 127 
19,1.3: 3 28 121 124 142 167 175 236 
20,0.9: 4 28 39 61 
21,1.1: 0 36 62 120 122 212 
22,1.2: 18 26 31 69 92 101 127 
23,0.9: 8 40 42 123 
24,0.8: 13 37 102 
25,1.1: 17 48 113 161 217 
26,0.8: 22 110 208 
27,1.6: 10 33 51 55 62 98 114 129 140 143 148 193 220 230 
28,1.4: 0 3 4 15 17 19 20 61 62 121 
29,0.8: 15 84 156 
30,1.3: 0 1 5 37 59 78 96 102 125 
31,1.7: 0 1 2 3 4 6 7 18 22 38 60 62 101 108 109 127 191 218 
32,1.1: 2 5 11 115 150 
33,1.4: 27 46 51 98 114 129 176 179 193 206 
34,0.6: 7 83 
35,0.8: 2 62 218 
36,0.8: 21 43 205 
37,1.4: 0 1 13 24 30 62 81 100 102 138 
38,1.5: 0 1 3 18 31 44 57 62 111 112 118 126 218 
39,1.1: 20 61 87 105 188 244 
40,0.6: 23 104 
41,1.1: 7 81 97 128 233 
42,0.9: 8 23 152 186 
43,0.9: 36 63 205 211 
44,0.9: 38 50 62 183 
45,0.9: 0 1 18 76 
46,0.9: 33 98 129 193 
47,0.9: 10 64 65 143 
48,0.6: 25 141 
49,0.8: 8 196 246 
50,0.8: 44 62 245 
51,1.3: 10 27 33 53 58 62 129 148 220 
52,1.1: 13 14 79 135 190 
53,1.1: 51 73 139 148 220 
54,0.6: 3 56 
55,1.2: 10 27 62 68 70 95 143 
56,0.2: 54 
57,0.9: 1 38 62 70 
58,0.8: 51 238 249 
59,0.9: 30 72 91 231 
60,0.8: 31 62 94 
61,0.9: 20 28 39 87 
62,1.9: 0 1 2 3 10 21 27 28 31 35 37 38 44 50 51 55 57 60 68 70 75 77 127 129 150 204 218 245 
63,0.2: 43 
64,0.6: 47 130 
65,0.6: 47 82 
66,1.1: 17 90 119 125 172 174 
67,0.8: 18 106 160 
68,0.8: 55 62 70 
69,0.2: 22 
70,1.1: 55 57 62 68 95 207 
71,0.6: 16 135 
72,0.6: 59 231 
73,0.9: 53 107 139 148 
74,0.8: 16 85 203 
75,0.8: 62 127 131 
76,0.2: 45 
77,1.2: 0 1 62 81 129 168 204 
78,1.3: 5 30 86 89 96 102 169 240 243 
79,0.6: 14 52 
80,0.9: 9 15 17 178 
81,1.6: 0 1 6 7 9 13 37 41 77 97 102 150 168 185 204 
82,0.6: 65 247 
83,0.6: 34 228 
84,0.2: 29 
85,0.9: 14 16 74 203 
86,1.1: 78 89 96 102 147 
87,1.1: 39 61 105 188 244 
88,0.6: 15 99 
89,0.9: 78 86 93 169 
90,0.9: 17 66 119 172 
91,0.8: 59 200 226 
92,0.2: 22 
93,0.9: 89 117 192 223 
94,0.8: 60 163 198 
95,0.8: 55 70 143 
96,0.9: 30 78 86 102 
97,0.8: 41 81 102 
98,1.1: 27 33 46 176 193 
99,0.9: 15 88 181 209 
100,0.8: 37 136 225 
101,0.8: 7 22 31 
102,1.6: 0 1 3 13 24 30 37 78 81 86 96 97 127 131 
103,0.9: 0 1 158 197 
104,0.6: 40 162 
105,1.1: 39 87 144 171 244 
106,0.6: 67 160 
107,0.6: 73 148 
108,0.6: 31 191 
109,0.2: 31 
110,0.6: 26 208 
111,0.9: 0 38 116 164 
112,1.1: 1 18 38 137 145 149 
113,0.6: 25 187 
114,0.9: 27 33 129 132 
115,0.8: 2 32 150 
116,0.8: 0 111 155 
117,0.6: 93 192 
118,1.1: 0 6 38 227 248 
119,1.1: 17 66 90 134 172 201 
120,0.6: 0 21 
121,0.6: 19 28 
122,0.8: 0 21 212 
123,0.2: 23 
124,0.9: 3 19 175 239 
125,1.2: 0 1 5 30 66 159 174 
126,1.1: 1 2 3 5 10 38 
127,1.6: 0 1 3 7 9 18 22 31 62 75 102 128 131 191 
128,1.2: 0 1 2 4 7 41 127 
129,1.3: 1 27 33 46 51 62 77 114 204 
130,0.2: 64 
131,0.8: 75 102 127 
132,0.8: 114 153 214 
133,0.6: 13 189 
134,0.2: 119 
135,1.2: 1 14 16 52 71 151 190 
136,0.6: 100 224 
137,0.8: 112 145 149 
138,0.6: 37 229 
139,0.8: 53 73 148 
140,0.9: 3 10 27 180 
141,0.2: 48 
142,0.9: 0 1 19 210 
143,1.2: 1 2 10 27 47 55 95 
144,0.6: 105 171 
145,0.9: 112 137 149 157 
146,0.2: 6 
147,0.2: 86 
148,1.2: 10 27 51 53 73 107 139 
149,1.1: 112 137 145 165 166 
150,1.2: 1 2 32 62 81 115 204 
151,0.8: 16 135 190 
152,0.9: 42 182 186 248 
153,0.6: 132 214 
154,0.2: 17 
155,0.8: 116 219 235 
156,0.2: 29 
157,0.2: 145 
158,0.8: 0 1 103 
159,0.2: 125 
160,0.6: 67 106 
161,0.2: 25 
162,0.6: 104 173 
163,0.6: 94 198 
164,0.2: 111 
165,0.2: 149 
166,0.6: 149 232 
167,0.6: 3 19 
168,0.9: 0 9 77 81 
169,0.8: 78 89 177 
170,0.8: 4 7 9 
171,0.8: 105 144 184 
172,0.8: 66 90 119 
173,0.2: 162 
174,1.1: 2 5 11 66 125 
175,0.8: 3 19 124 
176,0.6: 33 98 
177,0.6: 169 194 
178,0.2: 80 
179,0.9: 33 206 216 237 
180,0.2: 140 
181,0.2: 99 
182,0.6: 152 186 
183,0.2: 44 
184,0.2: 171 
185,0.2: 81 
186,0.8: 42 152 182 
187,0.2: 113 
188,0.9: 39 87 199 244 
189,0.2: 133 
190,1.1: 13 16 52 135 151 203 
191,0.8: 31 108 127 
192,0.8: 93 117 223 
193,0.9: 27 33 46 98 
194,0.2: 177 
195,0.6: 12 213 
196,0.2: 49 
197,0.2: 103 
198,0.6: 94 163 
199,0.6: 188 241 
200,0.6: 91 226 
201,0.2: 119 
202,0.6: 1 14 
203,1.1: 13 14 16 74 85 190 
204,1.2: 1 9 62 77 81 129 150 
205,0.8: 36 43 211 
206,0.6: 33 179 
207,0.2: 70 
208,0.6: 26 110 
209,0.2: 99 
210,0.2: 142 
211,0.6: 43 205 
212,0.6: 21 122 
213,0.6: 12 195 
214,0.6: 132 153 
215,0.2: 0 
216,0.6: 179 234 
217,0.2: 25 
218,1.1: 1 2 31 35 38 62 
219,0.6: 155 235 
220,0.9: 0 27 51 53 
221,0.2: 7 
222,0.2: 13 
223,0.6: 93 192 
224,0.2: 136 
225,0.2: 100 
226,0.6: 91 200 
227,0.6: 6 118 
228,0.2: 83 
229,0.2: 138 
230,0.2: 27 
231,0.6: 59 72 
232,0.2: 166 
233,0.2: 41 
234,0.2: 216 
235,0.6: 155 219 
236,0.2: 19 
237,0.2: 179 
238,0.6: 58 249 
239,0.2: 124 
240,0.2: 78 
241,0.2: 199 
242,0.2: 15 
243,0.2: 78 
244,0.9: 39 87 105 188 
245,0.6: 50 62 
246,0.2: 49 
247,0.2: 82 
248,0.8: 0 118 152 
249,0.6: 58 238 
