1000 
0,2.3: 1 3 4 16 30 33 34 39 44 52 54 68 78 84 103 109 110 113 125 150 168 169 173 200 221 237 255 261 291 297 303 312 350 362 374 377 402 418 468 485 521 531 538 540 593 618 623 641 650 673 681 683 710 728 730 738 763 787 914 949 976 
1,2.1: 0 2 10 22 30 33 37 44 54 87 102 127 150 157 237 258 303 312 313 324 327 336 371 418 485 524 531 538 544 571 730 763 794 849 914 927 930 954 994 
2,2.1: 1 7 22 24 30 38 44 48 50 54 61 102 105 140 150 179 204 206 258 259 312 324 335 355 404 442 451 508 521 531 538 544 618 663 730 749 794 994 
3,2.2: 0 4 5 6 9 15 18 20 29 33 34 39 41 45 47 75 83 84 85 103 109 111 113 114 168 169 175 182 201 202 221 225 229 230 252 261 263 299 404 417 421 508 515 534 551 623 673 787 805 840 860 885 944 949 
4,1.9: 0 3 5 9 15 23 27 34 39 41 43 80 85 103 143 147 193 336 396 404 650 726 774 787 805 860 
5,1.6: 3 4 6 9 15 29 101 103 175 299 551 581 805 860 
6,1.4: 3 5 12 13 15 36 103 632 650 708 846 
7,2: 2 8 11 14 19 22 24 39 48 54 73 99 132 133 140 192 200 204 206 227 259 284 324 341 355 433 508 531 538 993 
8,1.6: 7 22 33 39 46 48 54 121 200 324 350 531 590 594 
9,1.6: 3 4 5 15 20 84 114 203 221 225 404 551 673 796 
10,1.3: 1 28 30 87 135 277 896 930 
11,1.5: 7 24 48 50 133 140 190 261 508 538 618 806 
12,1.4: 6 15 31 69 141 176 177 497 637 740 
13,1.3: 6 134 198 530 632 650 738 805 
14,1.3: 7 17 99 125 132 208 213 259 747 
15,1.7: 3 4 5 6 9 12 27 41 74 80 106 172 182 203 225 247 365 578 
16,1.3: 0 30 70 163 179 301 465 615 618 
17,1.1: 14 62 77 99 156 158 
18,1.7: 3 42 53 59 76 83 111 113 114 131 221 261 263 443 557 581 658 845 
19,1.2: 7 21 40 73 133 192 686 
20,0.9: 3 9 84 673 
21,0.8: 19 40 686 
22,1.5: 1 2 7 8 33 54 127 313 508 563 663 774 
23,1.6: 4 25 34 35 107 143 157 250 336 396 398 427 649 726 919 944 
24,1.7: 2 7 11 30 50 56 133 140 153 179 192 321 487 508 538 702 730 828 
25,1.4: 23 26 35 72 336 369 381 398 893 944 
26,1.3: 25 65 159 482 573 761 944 952 
27,1.4: 4 15 39 57 66 74 161 236 444 997 
28,1.1: 10 32 142 218 516 896 
29,1.1: 3 5 34 101 317 860 
30,1.5: 0 1 2 10 16 24 34 56 179 237 418 487 
31,1.2: 12 58 141 308 402 515 537 
32,1.1: 28 55 142 736 742 896 
33,1.4: 0 1 3 8 22 54 225 324 563 696 
34,1.7: 0 3 4 23 29 30 39 107 110 169 184 263 302 307 545 709 871 879 944 
35,1.1: 23 25 104 223 560 
36,0.9: 6 103 322 595 
37,1.1: 1 87 127 135 898 
38,1.1: 2 105 335 521 622 810 
39,1.6: 0 3 4 7 8 27 34 66 110 118 121 355 526 724 
40,1.3: 19 21 94 180 507 671 686 728 
41,1.4: 3 4 15 80 84 154 209 478 578 787 
42,1.4: 18 53 63 83 97 113 232 562 920 937 
43,1.2: 4 85 147 348 404 542 650 
44,1.4: 0 1 2 82 95 102 270 335 485 730 
45,0.6: 3 617 
46,1.1: 8 54 130 200 350 590 
47,1.1: 3 75 347 561 833 
48,1.6: 2 7 8 11 49 50 51 96 133 303 324 390 505 994 
49,1.1: 48 96 133 283 345 828 
50,1.3: 2 11 24 48 192 514 702 924 
51,1.4: 48 64 71 133 303 390 434 505 510 778 994 
52,0.2: 0 
53,1.4: 18 42 93 186 232 593 608 692 801 973 
54,1.6: 0 1 2 7 8 22 33 46 60 87 130 135 200 350 563 853 
55,0.8: 32 142 736 
56,1.1: 24 30 149 179 487 627 
57,0.8: 27 66 170 
58,1.2: 31 185 325 402 643 881 897 
59,1.1: 18 221 244 356 811 
60,0.9: 54 188 290 563 
61,0.9: 2 117 373 451 
62,1.3: 17 77 81 156 158 256 795 804 
63,0.9: 42 97 278 452 
64,0.9: 51 67 440 611 
65,1.1: 26 159 482 761 822 944 
66,1.4: 27 39 57 155 170 236 526 849 932 997 
67,0.8: 64 90 91 
68,0.8: 0 266 552 
69,0.8: 12 497 684 
70,0.9: 16 254 301 465 
71,1.3: 51 162 300 303 425 636 749 778 994 
72,1.2: 25 100 336 381 450 791 893 
73,1.3: 7 19 99 129 192 211 264 414 701 
74,1.3: 15 27 86 172 182 225 230 887 
75,1.1: 3 47 79 191 273 332 
76,1.2: 18 131 221 248 261 269 658 
77,1.2: 17 62 89 98 156 256 795 
78,1.1: 0 115 255 265 275 377 
79,0.9: 75 138 332 670 
80,1.3: 4 15 41 92 122 246 399 787 
81,0.6: 62 804 
82,0.8: 44 249 666 
83,1.3: 3 18 42 113 169 263 343 941 
84,1.3: 0 3 9 20 41 125 154 673 787 
85,1.5: 3 4 43 108 243 261 404 421 542 567 620 718 
86,0.6: 74 220 
87,1.6: 1 10 37 54 88 127 135 286 311 563 616 898 902 938 
88,1.3: 87 123 167 207 311 616 631 898 
89,0.6: 77 651 
90,0.2: 67 
91,0.8: 67 194 196 
92,0.8: 80 119 246 
93,1.2: 53 128 186 232 395 593 852 
94,0.9: 40 180 507 728 
95,1.1: 44 338 405 730 844 980 
96,1.4: 48 49 133 548 618 638 741 783 971 998 
97,0.8: 42 63 452 
98,0.8: 77 262 589 
99,1.4: 7 14 17 73 125 129 158 227 414 433 
100,1.2: 72 126 137 235 336 362 488 
101,0.9: 5 29 276 860 
102,1.2: 1 2 44 270 335 371 541 
103,1.3: 0 3 4 5 6 36 708 846 
104,0.6: 35 473 
105,1.3: 2 38 124 145 171 335 810 863 
106,1.2: 15 146 267 340 578 794 903 
107,1.1: 23 34 184 469 739 944 
108,0.9: 85 228 421 718 
109,1.2: 0 3 112 221 337 436 623 
110,0.9: 0 34 39 242 
111,1.3: 3 18 114 116 201 221 372 626 
112,0.9: 109 226 337 436 
113,1.3: 0 3 18 42 83 164 312 370 
114,1.3: 3 9 18 111 131 221 436 623 
115,1.2: 78 255 265 275 377 688 916 
116,0.2: 111 
117,1.1: 61 151 293 310 360 388 
118,0.6: 39 183 
119,0.9: 92 120 251 758 
120,0.6: 119 251 
121,1.3: 8 39 231 350 378 526 600 772 
122,0.8: 80 246 331 
123,1.1: 88 167 207 311 616 769 
124,0.9: 105 189 335 411 
125,1.1: 0 14 84 99 533 
126,1.1: 100 137 219 333 564 
127,1.3: 1 22 37 87 295 313 387 418 
128,1.1: 93 186 397 593 973 
129,0.9: 73 99 144 583 
130,1.1: 46 54 200 294 350 590 
131,1.3: 18 76 114 152 221 261 623 845 954 
132,0.6: 7 14 
133,1.5: 7 11 19 24 48 49 51 96 153 192 618 824 828 
134,1.1: 13 195 198 530 621 
135,1.3: 10 37 54 87 136 288 385 635 665 
136,1.3: 135 148 222 238 342 386 417 635 729 
137,1.1: 100 126 181 260 553 
138,1.2: 79 139 257 332 406 492 670 
139,1.2: 138 330 351 380 492 670 876 
140,1.4: 2 7 11 24 199 224 404 508 618 899 
141,0.9: 12 31 177 668 
142,0.8: 28 32 55 
143,0.8: 4 23 726 
144,0.6: 129 583 
145,0.2: 105 
146,1.1: 106 420 430 578 794 864 
147,0.6: 4 43 
148,1.1: 136 222 382 386 635 729 
149,1.2: 56 234 408 529 627 714 865 
150,1.3: 0 1 2 197 233 350 468 927 
151,0.6: 117 875 
152,0.8: 131 546 845 
153,1.1: 24 133 448 618 737 
154,0.9: 41 84 509 787 
155,0.9: 66 236 422 901 
156,1.3: 17 62 77 166 214 256 409 795 976 
157,1.3: 1 23 241 280 336 398 427 790 
158,1.4: 17 62 99 160 165 173 256 297 414 895 
159,1.3: 26 65 210 253 282 412 482 822 
160,1.2: 158 165 173 174 296 297 895 
161,0.8: 27 272 997 
162,1.1: 71 205 300 777 778 
163,1.1: 16 179 240 727 847 891 
164,0.8: 113 215 312 
165,1.3: 158 160 173 174 297 410 540 895 
166,0.6: 156 256 
167,0.9: 88 123 207 311 
168,1.1: 0 3 187 289 297 
169,1.2: 0 3 34 83 225 230 263 
170,0.9: 57 66 236 932 
171,0.8: 105 268 585 
172,0.8: 15 74 368 
173,1.2: 0 158 160 165 174 519 540 
174,0.8: 160 165 173 
175,0.6: 3 5 
176,0.9: 12 178 786 970 
177,0.6: 12 141 
178,0.2: 176 
179,1.2: 2 16 24 30 56 163 312 
180,1.1: 40 94 212 507 719 728 
181,0.6: 137 328 
182,1.2: 3 15 74 225 252 536 887 
183,0.2: 118 
184,0.8: 34 107 709 
185,1.1: 58 334 364 402 881 
186,1.3: 53 93 128 320 397 593 692 854 973 
187,1.1: 168 216 297 306 789 
188,0.2: 60 
189,0.8: 124 441 506 
190,0.9: 11 261 375 845 
191,0.9: 75 332 458 906 
192,1.3: 7 19 24 50 73 133 508 612 899 
193,0.6: 4 720 
194,0.9: 91 352 493 680 
195,0.6: 134 530 
196,0.2: 91 
197,0.8: 150 233 468 
198,0.9: 13 134 449 738 
199,0.9: 140 287 326 899 
200,1.4: 0 7 8 46 54 130 294 350 371 423 501 
201,1.1: 3 111 403 504 601 949 
202,0.6: 3 992 
203,0.9: 9 15 365 489 
204,1.2: 2 7 206 217 227 258 554 
205,0.8: 162 314 777 
206,1.1: 2 7 204 217 227 279 
207,0.8: 88 123 167 
208,0.2: 14 
209,0.8: 41 687 823 
210,0.8: 159 482 584 
211,1.1: 73 264 353 414 681 701 
212,0.8: 180 429 748 
213,0.2: 14 
214,1.1: 156 245 256 409 503 795 
215,0.8: 164 281 312 
216,0.8: 187 579 789 
217,0.9: 204 206 227 279 
218,0.6: 28 989 
219,0.9: 126 333 564 820 
220,0.6: 86 568 
221,1.7: 0 3 9 18 59 76 109 111 114 131 261 271 329 356 436 623 845 
222,1.1: 136 148 386 729 884 
223,0.6: 35 569 
224,0.8: 140 431 618 
225,1.4: 3 9 15 33 74 169 182 230 563 603 
226,0.6: 112 491 
227,1.2: 7 99 204 206 217 279 836 
228,0.8: 108 421 752 
229,1.2: 3 252 472 515 534 673 885 
230,0.9: 3 74 169 225 
231,0.2: 121 
232,0.9: 42 53 93 593 
233,1.1: 150 197 367 416 468 926 
234,0.9: 149 361 714 865 
235,1.1: 100 292 339 488 500 
236,1.4: 27 66 155 170 239 745 816 849 901 997 
237,1.1: 0 1 30 418 483 756 
238,0.9: 136 318 342 417 
239,1.1: 236 704 745 816 883 
240,0.8: 163 727 847 
241,1.1: 157 398 426 427 633 
242,0.6: 110 628 
243,0.8: 85 274 421 
244,0.8: 59 356 811 
245,0.2: 214 
246,1.1: 80 92 122 331 999 
247,0.2: 15 
248,0.9: 76 445 455 699 
249,0.8: 82 666 746 
250,0.6: 23 453 
251,0.6: 119 120 
252,0.9: 3 182 229 515 
253,1.1: 159 363 457 513 517 582 
254,1.1: 70 301 357 407 419 
255,0.8: 0 78 115 
256,1.2: 62 77 156 158 166 214 447 
257,0.8: 138 332 755 
258,0.8: 1 2 204 
259,1.2: 2 7 14 355 827 953 993 
260,0.2: 137 
261,1.5: 0 3 11 18 76 85 131 190 221 542 730 845 
262,0.2: 98 
263,1.1: 3 18 34 83 169 376 
264,0.9: 73 211 701 837 
265,1.1: 78 115 394 688 916 
266,0.6: 68 379 
267,0.6: 106 578 
268,1.1: 171 285 298 319 585 
269,0.2: 76 
270,1.1: 44 102 371 389 541 
271,0.2: 221 
272,0.9: 161 528 575 645 
273,0.2: 75 
274,0.8: 243 656 963 
275,0.9: 78 115 672 676 
276,1.1: 101 304 323 383 763 904 
277,0.6: 10 401 
278,0.2: 63 
279,0.9: 206 217 227 474 
280,1.1: 157 349 427 540 918 
281,0.2: 215 
282,0.6: 159 482 
283,0.6: 49 460 
284,1.3: 7 305 309 354 433 571 642 650 
285,0.6: 268 459 
286,1.2: 87 400 413 577 641 902 938 
287,0.2: 199 
288,0.2: 135 
289,0.8: 168 297 484 
290,0.8: 60 563 663 
291,0.8: 0 525 880 
292,0.6: 235 488 
293,0.6: 117 310 
294,0.9: 130 200 350 423 
295,1.1: 127 313 387 418 572 889 
296,0.8: 160 297 614 
297,1.3: 0 158 160 165 168 187 289 296 428 
298,0.9: 268 316 391 518 
299,0.6: 3 5 
300,0.9: 71 162 778 994 
301,0.9: 16 70 254 465 
302,1.1: 34 307 545 709 871 
303,1.3: 0 1 48 51 71 510 538 618 
304,1.1: 276 323 383 904 910 
305,1.1: 284 309 433 547 571 650 
306,0.2: 187 
307,1.1: 34 302 437 545 709 
308,0.8: 31 848 931 
309,1.2: 284 305 315 358 374 433 571 
310,0.8: 117 293 360 
311,1.1: 87 88 123 167 344 
312,1.2: 0 1 2 113 164 179 215 
313,1.2: 1 22 127 295 418 574 756 
314,0.2: 205 
315,0.9: 309 346 358 374 
316,0.9: 298 391 486 518 
317,0.2: 29 
318,0.6: 238 342 
319,0.6: 268 585 
320,1.3: 186 397 576 593 598 854 862 973 
321,0.6: 24 535 
322,0.6: 36 539 
323,0.9: 276 304 383 690 
324,1.2: 1 2 7 8 33 48 563 
325,0.8: 58 713 881 
326,0.8: 199 392 654 
327,0.8: 1 438 797 
328,0.8: 181 366 596 
329,0.2: 221 
330,0.8: 139 351 792 
331,0.6: 122 246 
332,1.1: 75 79 138 191 257 955 
333,0.9: 126 219 564 820 
334,0.8: 185 364 881 
335,1.3: 2 38 44 102 105 124 618 725 
336,1.3: 1 4 23 25 72 100 157 427 
337,1.1: 109 112 436 623 660 
338,0.2: 95 
339,0.2: 235 
340,0.6: 106 578 
341,0.2: 7 
342,0.9: 136 238 318 386 
343,1.1: 83 384 393 706 890 941 
344,0.6: 311 917 
345,0.2: 49 
346,0.6: 315 771 
347,0.9: 47 561 653 833 
348,0.6: 43 542 
349,0.8: 280 427 463 
350,1.4: 0 8 46 54 121 130 150 200 294 754 949 
351,0.6: 139 330 
352,0.8: 194 493 680 
353,1.2: 211 414 424 591 681 721 753 
354,0.6: 284 571 
355,0.9: 2 7 39 259 
356,0.9: 59 221 244 461 
357,1.2: 254 359 407 419 597 715 799 
358,1.1: 309 315 374 559 679 703 
359,0.6: 357 767 
360,0.9: 117 310 388 646 
361,0.8: 234 432 714 
362,0.6: 0 100 
363,0.6: 253 517 
364,0.6: 185 334 
365,0.9: 15 203 462 599 
366,0.6: 328 629 
367,1.1: 233 416 468 558 793 990 
368,0.2: 172 
369,0.6: 25 893 
370,0.6: 113 467 
371,1.3: 1 102 200 270 423 541 689 730 
372,0.6: 111 693 
373,0.6: 61 451 
374,1.1: 0 309 315 358 784 
375,0.2: 190 
376,0.6: 263 985 
377,0.8: 0 78 115 
378,0.9: 121 439 526 600 
379,0.2: 266 
380,0.2: 139 
381,0.8: 25 72 893 
382,0.9: 148 386 490 682 
383,0.8: 276 304 323 
384,0.9: 343 393 470 834 
385,0.2: 135 
386,1.1: 136 148 222 342 382 635 
387,0.6: 127 295 
388,0.8: 117 360 646 
389,0.6: 270 541 
390,0.8: 48 51 446 
391,0.8: 298 316 705 
392,0.2: 326 
393,0.6: 343 384 
394,0.6: 265 499 
395,0.6: 93 476 
396,0.8: 4 23 427 
397,0.8: 128 186 320 
398,1.1: 23 25 157 241 426 427 
399,0.2: 80 
400,0.8: 286 466 577 
401,0.2: 277 
402,1.1: 0 31 58 185 787 881 
403,1.1: 201 481 504 664 949 
404,1.2: 2 3 4 9 43 85 140 
405,0.8: 95 566 807 
406,0.8: 138 471 694 
407,1.1: 254 357 415 419 494 799 
408,0.9: 149 529 586 765 
409,0.6: 156 214 
410,0.2: 165 
411,0.2: 124 
412,0.2: 159 
413,0.6: 286 830 
414,1.2: 73 99 158 211 353 587 591 
415,0.2: 407 
416,1.1: 233 367 468 762 850 
417,0.9: 3 136 238 977 
418,1.3: 0 1 30 127 237 295 313 756 
419,1.1: 254 357 407 477 597 857 
420,0.9: 146 523 550 794 
421,1.3: 3 85 108 228 243 479 555 752 
422,0.6: 155 901 
423,0.8: 200 294 371 
424,0.8: 353 681 721 
425,1.1: 71 733 749 775 905 
426,0.9: 241 398 454 565 
427,1.4: 23 157 241 280 336 349 396 398 511 532 
428,0.6: 297 495 
429,0.8: 212 496 748 
430,0.9: 146 435 480 873 
431,0.6: 224 464 
432,0.6: 361 707 
433,1.3: 7 99 284 305 309 456 547 571 683 
434,0.2: 51 
435,0.8: 430 480 873 
436,1.1: 109 112 114 221 337 623 
437,0.8: 307 669 709 
438,0.2: 327 
439,0.8: 378 526 600 
440,0.6: 64 611 
441,0.2: 189 
442,0.8: 2 716 936 
443,0.2: 18 
444,0.2: 27 
445,0.8: 248 475 969 
446,0.2: 390 
447,0.2: 256 
448,0.6: 153 732 
449,0.8: 198 738 948 
450,0.2: 72 
451,0.9: 2 61 373 986 
452,0.9: 63 97 655 798 
453,0.2: 250 
454,0.2: 426 
455,0.2: 248 
456,0.8: 433 547 988 
457,0.8: 253 517 981 
458,0.2: 191 
459,0.2: 285 
460,0.6: 283 522 
461,0.9: 356 648 781 861 
462,0.6: 365 630 
463,0.2: 349 
464,0.8: 431 609 922 
465,0.8: 16 70 301 
466,0.8: 400 619 877 
467,0.6: 370 764 
468,1.1: 0 150 197 233 367 416 
469,0.6: 107 657 
470,0.6: 384 834 
471,0.2: 406 
472,0.6: 229 515 
473,0.2: 104 
474,0.2: 279 
475,0.8: 445 588 969 
476,0.2: 395 
477,0.2: 419 
478,0.9: 41 570 770 787 
479,0.8: 421 752 843 
480,0.8: 430 435 915 
481,0.8: 403 580 757 
482,1.3: 26 65 159 210 282 498 647 761 
483,0.2: 237 
484,1.1: 289 520 858 908 962 
485,0.9: 0 1 44 787 
486,0.6: 316 518 
487,0.9: 24 30 56 625 
488,0.8: 100 235 292 
489,0.2: 203 
490,0.9: 382 502 549 682 
491,0.2: 226 
492,0.6: 138 139 
493,1.1: 194 352 602 606 680 
494,0.9: 407 543 722 841 
495,0.2: 428 
496,0.2: 429 
497,0.9: 12 69 512 684 
498,0.2: 482 
499,0.6: 394 803 
500,0.2: 235 
501,0.2: 200 
502,1.1: 490 549 610 682 831 842 
503,0.2: 214 
504,0.6: 201 403 
505,0.6: 48 51 
506,0.2: 189 
507,1.1: 40 94 180 678 685 
508,1.3: 2 3 7 11 22 24 140 192 899 
509,0.2: 154 
510,0.8: 51 303 556 
511,0.6: 427 532 
512,0.6: 497 788 
513,0.6: 253 582 
514,0.6: 50 702 
515,1.2: 3 31 229 252 472 652 840 
516,0.2: 28 
517,0.8: 253 363 457 
518,0.8: 298 316 486 
519,0.6: 173 966 
520,0.8: 484 527 962 
521,0.8: 0 2 38 
522,0.2: 460 
523,0.2: 420 
524,0.2: 1 
525,0.8: 291 639 750 
526,1.1: 39 66 121 378 439 600 
527,0.2: 520 
528,0.6: 272 575 
529,0.6: 149 408 
530,0.8: 13 134 195 
531,1.1: 0 1 2 7 8 540 
532,0.9: 427 511 674 825 
533,0.2: 125 
534,0.6: 3 229 
535,0.2: 321 
536,0.2: 182 
537,0.8: 31 659 935 
538,1.3: 0 1 2 7 11 24 303 618 730 
539,0.2: 322 
540,1.1: 0 165 173 280 531 
541,1.2: 102 270 371 389 689 691 961 
542,1.2: 43 85 261 348 607 624 730 
543,0.8: 494 722 841 
544,0.9: 1 2 662 785 
545,0.8: 34 302 307 
546,0.2: 152 
547,0.9: 305 433 456 734 
548,0.6: 96 638 
549,1.1: 490 502 592 677 914 
550,0.6: 420 605 
551,0.9: 3 5 9 768 
552,0.6: 68 874 
553,0.6: 137 661 
554,0.8: 204 667 759 
555,0.2: 421 
556,0.2: 510 
557,0.6: 18 581 
558,0.6: 367 809 
559,0.8: 358 679 912 
560,0.2: 35 
561,0.8: 47 347 833 
562,0.9: 42 644 744 937 
563,1.3: 22 33 54 60 87 225 290 324 663 
564,0.8: 126 219 333 
565,0.2: 426 
566,0.2: 405 
567,0.2: 85 
568,0.2: 220 
569,0.2: 223 
570,0.2: 478 
571,1.2: 1 284 305 309 354 433 634 
572,0.2: 295 
573,0.2: 26 
574,0.8: 313 756 886 
575,0.6: 272 528 
576,0.6: 320 598 
577,0.9: 286 400 641 776 
578,1.3: 15 41 106 146 267 340 723 794 864 
579,0.2: 216 
580,0.6: 481 604 
581,0.9: 5 18 557 821 
582,0.6: 253 513 
583,0.6: 129 144 
584,0.2: 210 
585,0.8: 171 268 319 
586,0.2: 408 
587,0.2: 414 
588,0.6: 475 969 
589,0.2: 98 
590,0.8: 8 46 130 
591,0.8: 353 414 800 
592,0.8: 549 677 914 
593,1.3: 0 53 93 128 186 232 320 697 
594,0.2: 8 
595,0.2: 36 
596,0.6: 328 695 
597,0.9: 357 419 715 857 
598,0.8: 320 576 854 
599,0.8: 365 812 851 
600,0.9: 121 378 439 526 
601,0.2: 201 
602,0.6: 493 606 
603,0.6: 225 613 
604,0.2: 580 
605,0.6: 550 675 
606,0.6: 493 602 
607,0.6: 542 624 
608,0.6: 53 692 
609,0.6: 464 922 
610,0.8: 502 766 842 
611,0.6: 64 440 
612,0.8: 192 899 925 
613,0.6: 603 832 
614,0.6: 296 982 
615,0.6: 16 618 
616,0.8: 87 88 123 
617,0.2: 45 
618,1.5: 0 2 11 16 96 133 140 153 224 303 335 538 615 
619,0.6: 466 717 
620,0.6: 85 735 
621,0.2: 134 
622,0.6: 38 978 
623,1.3: 0 3 109 114 131 221 337 436 
624,0.8: 542 607 907 
625,0.2: 487 
626,0.2: 111 
627,0.9: 56 149 714 779 
628,0.8: 242 773 868 
629,0.6: 366 640 
630,0.2: 462 
631,0.6: 88 898 
632,0.8: 6 13 805 
633,0.6: 241 900 
634,0.2: 571 
635,1.1: 135 136 148 386 729 
636,0.2: 71 
637,0.2: 12 
638,0.8: 96 548 741 
639,0.6: 525 750 
640,0.6: 629 700 
641,0.8: 0 286 577 
642,0.8: 284 650 979 
643,0.2: 58 
644,0.6: 562 937 
645,0.2: 272 
646,0.6: 360 388 
647,0.2: 482 
648,0.6: 461 835 
649,0.2: 23 
650,1.3: 0 4 6 13 43 284 305 642 
651,0.6: 89 838 
652,0.8: 515 731 840 
653,0.9: 347 833 909 913 
654,0.2: 326 
655,0.6: 452 751 
656,0.6: 274 963 
657,0.2: 469 
658,0.6: 18 76 
659,0.8: 537 818 935 
660,0.6: 337 972 
661,0.6: 553 829 
662,0.8: 544 785 946 
663,1.2: 2 22 290 563 711 774 960 
664,0.2: 403 
665,0.2: 135 
666,0.8: 82 249 746 
667,0.2: 554 
668,0.6: 141 967 
669,0.6: 437 709 
670,0.9: 79 138 139 819 
671,0.2: 40 
672,0.6: 275 676 
673,1.1: 0 3 9 20 84 229 
674,0.6: 532 825 
675,0.9: 605 698 712 866 
676,0.6: 275 672 
677,1.1: 549 592 814 911 914 
678,0.6: 507 685 
679,0.6: 358 559 
680,0.8: 194 352 493 
681,0.9: 0 211 353 424 
682,0.8: 382 490 502 
683,0.6: 0 433 
684,0.6: 69 497 
685,0.6: 507 678 
686,1.1: 19 21 40 945 996 
687,0.6: 209 823 
688,0.9: 115 265 859 916 
689,0.6: 371 541 
690,0.2: 323 
691,0.6: 541 961 
692,0.9: 53 186 608 854 
693,0.6: 372 867 
694,0.9: 406 815 839 984 
695,0.2: 596 
696,0.2: 33 
697,0.6: 593 965 
698,0.6: 675 712 
699,0.2: 248 
700,0.6: 640 921 
701,0.8: 73 211 264 
702,0.8: 24 50 514 
703,0.2: 358 
704,0.2: 239 
705,0.6: 391 760 
706,0.2: 343 
707,0.2: 432 
708,0.6: 6 103 
709,1.1: 34 184 302 307 437 669 
710,0.6: 0 728 
711,0.8: 663 743 960 
712,0.8: 675 698 995 
713,0.2: 325 
714,1.1: 149 234 361 627 779 
715,0.8: 357 597 857 
716,0.2: 442 
717,0.2: 619 
718,0.6: 85 108 
719,0.8: 180 892 964 
720,0.2: 193 
721,0.8: 353 424 753 
722,0.8: 494 543 841 
723,0.2: 578 
724,0.6: 39 855 
725,0.2: 335 
726,0.8: 4 23 143 
727,0.9: 163 240 847 891 
728,1.1: 0 40 94 180 710 
729,0.9: 136 148 222 635 
730,1.4: 0 1 2 24 44 95 261 371 538 542 975 
731,0.6: 652 840 
732,0.2: 448 
733,0.6: 425 780 
734,0.2: 547 
735,0.2: 620 
736,0.8: 32 55 813 
737,0.2: 153 
738,1.1: 0 13 198 449 948 
739,0.2: 107 
740,0.2: 12 
741,0.6: 96 638 
742,0.2: 32 
743,0.2: 711 
744,0.2: 562 
745,0.8: 236 239 870 
746,0.6: 249 666 
747,0.2: 14 
748,0.6: 212 429 
749,0.8: 2 71 425 
750,0.6: 525 639 
751,0.2: 655 
752,0.8: 228 421 479 
753,0.6: 353 721 
754,0.2: 350 
755,0.2: 257 
756,0.9: 237 313 418 574 
757,0.6: 481 950 
758,0.2: 119 
759,0.6: 554 782 
760,0.6: 705 802 
761,0.8: 26 65 482 
762,0.2: 416 
763,0.8: 0 1 276 
764,0.2: 467 
765,0.2: 408 
766,0.2: 610 
767,0.2: 359 
768,0.2: 551 
769,0.6: 123 987 
770,0.6: 478 787 
771,0.6: 346 888 
772,0.2: 121 
773,0.6: 628 923 
774,0.8: 4 22 663 
775,0.2: 425 
776,0.2: 577 
777,0.8: 162 205 808 
778,1.1: 51 71 162 300 994 
779,0.6: 627 714 
780,0.2: 733 
781,0.2: 461 
782,0.2: 759 
783,0.2: 96 
784,0.2: 374 
785,0.6: 544 662 
786,0.2: 176 
787,1.4: 0 3 4 41 80 84 154 402 478 485 770 
788,0.2: 512 
789,0.6: 187 216 
790,0.6: 157 869 
791,0.2: 72 
792,0.2: 330 
793,0.2: 367 
794,1.2: 1 2 106 146 420 578 903 
795,0.9: 62 77 156 214 
796,0.6: 9 878 
797,0.2: 327 
798,0.8: 452 933 943 
799,0.6: 357 407 
800,0.2: 591 
801,0.6: 53 817 
802,0.6: 760 940 
803,0.2: 499 
804,0.6: 62 81 
805,1.1: 3 4 5 13 632 
806,0.2: 11 
807,0.2: 405 
808,0.2: 777 
809,0.2: 558 
810,0.8: 38 105 826 
811,0.6: 59 244 
812,0.6: 599 851 
813,0.2: 736 
814,0.2: 677 
815,0.2: 694 
816,0.6: 236 239 
817,0.2: 801 
818,0.6: 659 882 
819,0.6: 670 929 
820,0.6: 219 333 
821,0.2: 581 
822,0.6: 65 159 
823,1.1: 209 687 856 872 958 
824,0.2: 133 
825,0.8: 532 674 959 
826,0.2: 810 
827,0.2: 259 
828,0.8: 24 49 133 
829,0.2: 661 
830,0.2: 413 
831,0.2: 502 
832,0.2: 613 
833,1.1: 47 347 561 653 909 913 
834,0.6: 384 470 
835,0.2: 648 
836,0.2: 227 
837,0.2: 264 
838,0.2: 651 
839,0.2: 694 
840,0.9: 3 515 652 731 
841,0.8: 494 543 722 
842,0.8: 502 610 928 
843,0.2: 479 
844,0.2: 95 
845,1.1: 18 131 152 190 221 261 
846,0.6: 6 103 
847,0.8: 163 240 727 
848,0.6: 308 931 
849,0.8: 1 66 236 
850,0.2: 416 
851,0.6: 599 812 
852,0.2: 93 
853,0.2: 54 
854,0.9: 186 320 598 692 
855,0.2: 724 
856,0.2: 823 
857,0.8: 419 597 715 
858,0.2: 484 
859,0.2: 688 
860,1.1: 3 4 5 29 101 
861,0.2: 461 
862,0.2: 320 
863,0.2: 105 
864,0.6: 146 578 
865,0.6: 149 234 
866,0.2: 675 
867,0.6: 693 983 
868,0.6: 628 939 
869,0.2: 790 
870,0.2: 745 
871,0.6: 34 302 
872,0.6: 823 958 
873,0.6: 430 435 
874,0.2: 552 
875,0.2: 151 
876,0.2: 139 
877,0.2: 466 
878,0.6: 796 894 
879,0.6: 34 942 
880,0.2: 291 
881,1.1: 58 185 325 334 402 
882,0.2: 818 
883,0.2: 239 
884,0.2: 222 
885,0.6: 3 229 
886,0.6: 574 956 
887,0.6: 74 182 
888,0.2: 771 
889,0.2: 295 
890,0.2: 343 
891,0.6: 163 727 
892,0.2: 719 
893,0.9: 25 72 369 381 
894,0.2: 878 
895,0.8: 158 160 165 
896,0.8: 10 28 32 
897,0.2: 58 
898,0.9: 37 87 88 631 
899,1.1: 140 192 199 508 612 
900,0.2: 633 
901,0.8: 155 236 422 
902,0.8: 87 286 938 
903,0.6: 106 794 
904,0.6: 276 304 
905,0.2: 425 
906,0.2: 191 
907,0.2: 624 
908,0.6: 484 962 
909,0.8: 653 833 913 
910,0.2: 304 
911,0.2: 677 
912,0.6: 559 957 
913,0.9: 653 833 909 968 
914,1.1: 0 1 549 592 677 
915,0.2: 480 
916,0.8: 115 265 688 
917,0.2: 344 
918,0.2: 280 
919,0.2: 23 
920,0.6: 42 991 
921,0.2: 700 
922,0.6: 464 609 
923,0.2: 773 
924,0.2: 50 
925,0.2: 612 
926,0.2: 233 
927,0.6: 1 150 
928,0.2: 842 
929,0.6: 819 934 
930,0.6: 1 10 
931,0.6: 308 848 
932,0.8: 66 170 997 
933,0.8: 798 943 947 
934,0.2: 929 
935,0.6: 537 659 
936,0.2: 442 
937,0.8: 42 562 644 
938,0.8: 87 286 902 
939,0.2: 868 
940,0.2: 802 
941,0.8: 83 343 951 
942,0.2: 879 
943,0.6: 798 933 
944,1.2: 3 23 25 26 34 65 107 
945,0.2: 686 
946,0.2: 662 
947,0.2: 933 
948,0.6: 449 738 
949,1.1: 0 3 201 350 403 
950,0.2: 757 
951,0.2: 941 
952,0.2: 26 
953,0.2: 259 
954,0.6: 1 131 
955,0.2: 332 
956,0.2: 886 
957,0.2: 912 
958,0.6: 823 872 
959,0.2: 825 
960,0.6: 663 711 
961,0.6: 541 691 
962,0.9: 484 520 908 974 
963,0.6: 274 656 
964,0.2: 719 
965,0.2: 697 
966,0.2: 519 
967,0.2: 668 
968,0.2: 913 
969,0.8: 445 475 588 
970,0.2: 176 
971,0.6: 96 998 
972,0.2: 660 
973,0.9: 53 128 186 320 
974,0.2: 962 
975,0.2: 730 
976,0.6: 0 156 
977,0.2: 417 
978,0.2: 622 
979,0.2: 642 
980,0.2: 95 
981,0.2: 457 
982,0.2: 614 
983,0.2: 867 
984,0.2: 694 
985,0.2: 376 
986,0.2: 451 
987,0.2: 769 
988,0.2: 456 
989,0.2: 218 
990,0.2: 367 
991,0.2: 920 
992,0.2: 202 
993,0.6: 7 259 
994,1.2: 1 2 48 51 71 300 778 
995,0.2: 712 
996,0.2: 686 
997,1.1: 27 66 161 236 932 
998,0.6: 96 971 
999,0.2: 246 
