46 
0,2: 1 4 5 6 7 8 9 10 11 12 17 19 20 21 22 23 24 25 26 27 30 31 32 33 34 35 36 37 38 39 40 41 42 43 44 45 
1,2.1: 0 4 5 6 7 8 9 10 11 12 15 16 17 19 20 21 22 23 24 25 26 27 28 29 30 31 32 33 34 35 36 37 38 39 40 41 42 43 44 45 
2,1.7: 3 7 9 13 14 15 16 19 20 25 29 34 35 36 37 38 42 45 
3,1.8: 2 7 9 13 14 15 16 17 19 20 25 26 28 29 33 34 35 36 37 38 40 42 44 45 
4,2: 0 1 5 7 8 9 10 11 12 17 19 20 21 22 23 24 25 26 27 28 30 31 32 33 34 35 36 37 38 39 40 42 43 44 45 
5,1.7: 0 1 4 7 8 9 10 12 17 19 20 24 25 32 33 35 40 44 
6,2.1: 0 1 7 8 9 11 12 13 14 15 16 17 19 20 21 23 24 25 26 27 28 29 30 31 32 34 35 36 37 38 39 40 41 42 43 44 45 
7,2.1: 0 1 2 3 4 5 6 8 9 10 11 12 13 14 15 16 17 19 20 21 22 23 24 25 26 27 28 29 30 31 32 33 34 35 36 37 38 39 40 41 42 43 44 45 
8,2: 0 1 4 5 6 7 9 10 11 12 17 19 20 23 24 25 26 27 28 29 30 31 32 33 34 35 36 37 38 39 40 41 42 43 44 45 
9,2.1: 0 1 2 3 4 5 6 7 8 10 11 12 13 14 15 17 18 19 20 21 23 24 25 26 27 28 29 30 31 32 33 34 35 36 37 38 39 40 41 42 43 44 45 
10,1.8: 0 1 4 5 7 8 9 12 17 18 19 20 24 25 26 31 32 33 34 35 38 44 
11,2.1: 0 1 4 6 7 8 9 12 13 15 16 17 19 20 21 22 23 24 25 26 27 28 29 30 31 32 33 34 35 36 37 38 39 40 41 42 43 44 45 
12,2.1: 0 1 4 5 6 7 8 9 10 11 15 17 19 20 21 22 23 24 25 26 27 28 29 30 31 32 33 34 35 36 37 38 39 40 41 42 43 44 45 
13,2: 2 3 6 7 9 11 14 15 16 17 19 20 24 25 26 27 28 29 34 35 36 37 38 39 40 41 42 43 44 45 
14,1.8: 2 3 6 7 9 13 15 16 17 19 25 26 28 29 34 35 36 37 38 39 40 42 43 45 
15,2: 1 2 3 6 7 9 11 12 13 14 16 17 19 20 21 24 25 26 27 28 29 30 31 34 35 36 37 38 39 40 41 42 43 44 45 
16,1.9: 1 2 3 6 7 11 13 14 15 17 19 24 25 26 27 28 29 34 35 36 37 38 39 40 41 42 43 44 45 
17,2.1: 0 1 3 4 5 6 7 8 9 10 11 12 13 14 15 16 19 20 21 22 23 24 25 26 27 28 29 30 31 32 33 34 35 36 37 38 39 40 41 42 43 44 45 
18,0.8: 9 10 32 
19,2.1: 0 1 2 3 4 5 6 7 8 9 10 11 12 13 14 15 16 17 20 21 23 24 25 26 27 28 29 30 31 32 33 34 35 36 37 38 39 40 41 42 43 44 45 
20,2.1: 0 1 2 3 4 5 6 7 8 9 10 11 12 13 15 17 19 21 22 23 24 25 26 27 28 29 30 31 32 33 34 35 36 37 38 39 40 41 42 43 44 45 
21,2: 0 1 4 6 7 9 11 12 15 17 19 20 22 23 24 25 26 27 28 30 31 32 34 35 36 37 38 39 40 41 42 43 44 45 
22,1.8: 0 1 4 7 11 12 17 20 21 23 24 25 27 30 32 35 38 39 40 42 44 
23,2: 0 1 4 6 7 8 9 11 12 17 19 20 21 22 24 25 26 27 28 30 31 32 34 35 36 37 38 39 40 42 43 44 45 
24,2.1: 0 1 4 5 6 7 8 9 10 11 12 13 15 16 17 19 20 21 22 23 25 26 27 28 29 30 31 32 33 34 35 36 37 38 39 40 41 42 43 44 45 
25,2.1: 0 1 2 3 4 5 6 7 8 9 10 11 12 13 14 15 16 17 19 20 21 22 23 24 26 27 28 29 30 31 32 33 34 35 36 37 38 39 40 41 42 43 44 45 
26,2.1: 0 1 3 4 6 7 8 9 10 11 12 13 14 15 16 17 19 20 21 23 24 25 27 28 29 30 31 32 34 35 36 37 38 39 40 41 42 43 44 45 
27,2.1: 0 1 4 6 7 8 9 11 12 13 15 16 17 19 20 21 22 23 24 25 26 28 29 30 31 32 33 34 35 36 37 38 39 40 41 42 43 44 45 
28,2.1: 1 3 4 6 7 8 9 11 12 13 14 15 16 17 19 20 21 23 24 25 26 27 29 30 31 32 34 35 36 37 38 39 40 41 42 43 44 45 
29,2: 1 2 3 6 7 8 9 11 12 13 14 15 16 17 19 20 24 25 26 27 28 31 34 35 36 37 38 39 40 41 42 43 44 45 
30,2: 0 1 4 6 7 8 9 11 12 15 17 19 20 21 22 23 24 25 26 27 28 31 32 33 34 35 36 37 38 39 40 41 42 43 44 45 
31,2.1: 0 1 4 6 7 8 9 10 11 12 15 17 19 20 21 23 24 25 26 27 28 29 30 32 33 34 35 36 37 38 39 40 41 42 43 44 45 
32,2: 0 1 4 5 6 7 8 9 10 11 12 17 18 19 20 21 22 23 24 25 26 27 28 30 31 33 35 36 37 38 39 40 42 43 44 45 
33,1.9: 0 1 3 4 5 7 8 9 10 11 12 17 19 20 24 25 27 30 31 32 35 36 38 42 44 
34,2.1: 0 1 2 3 4 6 7 8 9 10 11 12 13 14 15 16 17 19 20 21 23 24 25 26 27 28 29 30 31 35 36 37 38 39 40 41 42 43 44 45 
35,2.1: 0 1 2 3 4 5 6 7 8 9 10 11 12 13 14 15 16 17 19 20 21 22 23 24 25 26 27 28 29 30 31 32 33 34 36 37 38 39 40 41 42 43 44 45 
36,2.1: 0 1 2 3 4 6 7 8 9 11 12 13 14 15 16 17 19 20 21 23 24 25 26 27 28 29 30 31 32 33 34 35 37 38 39 40 41 42 43 44 45 
37,2.1: 0 1 2 3 4 6 7 8 9 11 12 13 14 15 16 17 19 20 21 23 24 25 26 27 28 29 30 31 32 34 35 36 38 39 40 41 42 43 44 45 
38,2.1: 0 1 2 3 4 6 7 8 9 10 11 12 13 14 15 16 17 19 20 21 22 23 24 25 26 27 28 29 30 31 32 33 34 35 36 37 39 40 41 42 43 44 45 
39,2.1: 0 1 4 6 7 8 9 11 12 13 14 15 16 17 19 20 21 22 23 24 25 26 27 28 29 30 31 32 34 35 36 37 38 40 41 42 43 44 45 
40,2.1: 0 1 3 4 5 6 7 8 9 11 12 13 14 15 16 17 19 20 21 22 23 24 25 26 27 28 29 30 31 32 34 35 36 37 38 39 41 42 43 44 45 
41,2: 0 1 6 7 8 9 11 12 13 15 16 17 19 20 21 24 25 26 27 28 29 30 31 34 35 36 37 38 39 40 42 43 44 45 
42,2.1: 0 1 2 3 4 6 7 8 9 11 12 13 14 15 16 17 19 20 21 22 23 24 25 26 27 28 29 30 31 32 33 34 35 36 37 38 39 40 41 43 44 45 
43,2.1: 0 1 4 6 7 8 9 11 12 13 14 15 16 17 19 20 21 23 24 25 26 27 28 29 30 31 32 34 35 36 37 38 39 40 41 42 44 45 
44,2.1: 0 1 3 4 5 6 7 8 9 10 11 12 13 15 16 17 19 20 21 22 23 24 25 26 27 28 29 30 31 32 33 34 35 36 37 38 39 40 41 42 43 45 
45,2.1: 0 1 2 3 4 6 7 8 9 11 12 13 14 15 16 17 19 20 21 23 24 25 26 27 28 29 30 31 32 34 35 36 37 38 39 40 41 42 43 44 
