1000 
0,1.4: 1 2 3 4 5 703 995 996 997 998 
1,1.3: 0 2 3 4 5 6 997 998 999 
2,1.4: 0 1 3 4 5 6 7 956 997 998 999 
3,1.4: 0 1 2 4 5 6 7 8 998 999 
4,1.4: 0 1 2 3 5 6 7 8 9 999 
5,1.4: 0 1 2 3 4 6 7 8 9 10 
6,1.3: 1 2 3 4 5 8 9 10 11 
7,1.3: 2 3 4 5 8 9 10 706 851 
8,1.4: 3 4 5 6 7 9 10 11 12 13 414 
9,1.4: 4 5 6 7 8 10 11 12 13 14 
10,1.4: 5 6 7 8 9 11 12 13 14 15 
11,1.4: 6 8 9 10 12 14 15 16 228 443 610 
12,1.3: 8 9 10 11 13 14 16 17 
13,1.3: 8 9 10 12 14 15 16 17 18 
14,1.4: 9 10 11 12 13 15 16 17 18 19 
15,1.4: 10 11 13 14 16 17 18 19 20 374 557 
16,1.4: 11 12 13 14 15 17 18 19 20 21 
17,1.3: 12 13 14 15 16 18 19 21 22 
18,1.3: 13 14 15 16 17 19 21 22 23 
19,1.3: 14 15 16 17 18 20 22 23 24 
20,1.3: 15 16 19 21 24 25 157 596 907 
21,1.4: 16 17 18 20 22 23 25 26 137 149 756 
22,1.4: 17 18 19 21 23 24 25 26 27 323 
23,1.3: 18 19 21 22 24 25 26 27 28 
24,1.3: 19 20 22 23 25 26 27 28 29 
25,1.4: 20 21 22 23 24 26 27 28 29 30 
26,1.4: 21 22 23 24 25 27 28 29 30 31 
27,1.4: 22 23 24 25 26 28 29 30 32 147 395 
28,1.4: 23 24 25 26 27 29 30 31 32 33 
29,1.4: 24 25 26 27 28 30 31 32 33 34 
30,1.4: 25 26 27 28 29 31 32 33 34 35 709 
31,1.2: 26 28 29 30 33 34 36 
32,1.4: 27 28 29 30 33 34 35 36 37 857 
33,1.4: 28 29 30 31 32 34 35 36 37 38 
34,1.4: 29 30 31 32 33 35 36 37 38 39 
35,1.4: 30 32 33 34 36 38 39 40 187 564 
36,1.4: 31 32 33 34 35 37 38 39 40 41 
37,1.3: 32 33 34 36 38 39 40 41 42 
38,1.4: 33 34 35 36 37 39 40 41 42 43 
39,1.4: 34 35 36 37 38 41 42 43 44 754 
40,1.4: 35 36 37 38 41 42 43 44 45 371 517 
41,1.4: 36 37 38 39 40 44 45 46 254 951 
42,1.3: 37 38 39 40 43 44 46 47 701 
43,1.3: 38 39 40 42 46 47 48 581 
44,1.4: 39 40 41 42 45 46 47 48 49 82 135 
45,1.4: 40 41 44 46 47 48 49 50 242 475 
46,1.4: 41 42 43 44 45 47 48 49 50 51 975 
47,1.3: 42 43 44 45 46 49 50 51 192 
48,1.3: 43 44 45 46 51 52 53 510 
49,1.4: 44 45 46 47 50 51 52 53 403 919 
50,1.4: 45 46 47 49 51 52 53 54 55 615 
51,1.4: 46 47 48 49 50 52 54 55 371 394 815 
52,1.4: 48 49 50 51 53 54 55 56 57 899 
53,1.3: 48 49 50 52 54 55 56 57 58 
54,1.4: 50 51 52 53 55 56 57 58 59 725 
55,1.4: 50 51 52 53 54 56 57 58 59 60 487 
56,1.3: 52 53 54 55 57 58 59 60 61 
57,1.4: 52 53 54 55 56 58 59 60 61 62 
58,1.4: 53 54 55 56 57 59 60 61 62 63 702 
59,1.5: 54 55 56 57 58 60 61 62 63 64 72 361 
60,1.4: 55 56 57 58 59 61 62 64 65 282 
61,1.4: 56 57 58 59 60 62 63 64 65 66 
62,1.4: 57 58 59 60 61 63 64 65 66 67 
63,1.4: 58 59 61 62 64 65 66 67 68 512 
64,1.4: 59 60 61 62 63 66 67 68 69 428 769 
65,1.4: 60 61 62 63 66 67 68 69 70 993 
66,1.4: 61 62 63 64 65 67 67 68 70 71 
67,1.4: 62 63 64 65 66 66 68 69 70 72 
68,1.4: 63 64 65 66 67 69 70 73 459 662 
69,1.4: 64 65 67 68 70 71 72 73 74 562 860 
70,1.4: 65 66 67 68 69 71 72 73 74 75 
71,1.3: 66 69 70 72 73 74 75 454 814 
72,1.3: 59 67 69 70 71 73 74 76 734 
73,1.3: 68 69 70 71 72 74 75 77 78 
74,1.4: 69 70 71 72 73 75 76 77 78 79 104 
75,1.3: 70 71 73 74 76 78 79 80 
76,1.3: 72 74 75 78 79 80 81 525 891 
77,1.3: 73 74 78 79 80 81 82 545 876 
78,1.4: 73 74 75 76 77 79 80 81 83 371 951 
79,1.4: 74 75 76 77 78 80 81 82 83 84 
80,1.5: 75 76 77 78 79 81 82 83 84 85 436 495 696 
81,1.4: 76 77 78 79 80 82 83 84 85 86 
82,1.4: 44 77 79 80 81 83 84 85 86 87 485 
83,1.4: 78 79 80 81 82 84 85 87 88 182 
84,1.4: 79 80 81 82 83 85 86 87 88 89 949 
85,1.5: 80 81 82 83 84 86 87 88 89 90 281 867 
86,1.3: 81 82 84 85 87 89 90 91 431 
87,1.4: 82 83 84 85 86 88 89 90 91 92 
88,1.3: 83 84 85 87 89 90 91 92 93 
89,1.4: 84 85 86 87 88 90 91 92 93 94 
90,1.4: 85 86 87 88 89 91 93 94 95 750 
91,1.4: 86 87 88 89 90 92 93 94 95 96 
92,1.4: 87 88 89 91 93 94 95 96 97 398 
93,1.4: 88 89 90 91 92 94 95 96 97 98 
94,1.4: 89 90 91 92 93 95 96 97 98 99 
95,1.4: 90 91 92 93 94 96 97 98 99 100 307 
96,1.4: 91 92 93 94 95 97 98 99 100 101 829 
97,1.4: 92 93 94 95 96 98 99 100 101 102 
98,1.4: 93 94 95 96 97 99 100 102 103 348 
99,1.4: 94 95 96 97 98 100 101 102 103 104 
100,1.3: 95 96 97 98 99 102 105 191 765 
101,1.3: 96 97 99 103 104 105 153 315 392 
102,1.3: 97 98 99 100 103 105 106 107 473 
103,1.4: 98 99 101 102 104 105 108 250 497 733 
104,1.3: 74 99 101 103 105 106 107 108 109 
105,1.4: 100 101 102 103 104 106 107 108 109 110 
106,1.4: 102 104 105 107 108 109 110 111 243 392 521 
107,1.4: 102 104 105 106 108 109 111 325 360 898 
108,1.4: 103 104 105 106 107 109 110 111 112 113 
109,1.4: 104 105 106 107 108 110 111 112 113 114 
110,1.4: 105 106 108 109 111 112 113 115 225 530 759 
111,1.4: 106 107 108 109 110 112 113 114 115 116 
112,1.3: 108 109 110 111 113 114 115 116 117 
113,1.5: 108 109 110 111 112 114 115 116 117 118 317 772 
114,1.3: 109 111 112 113 115 117 118 560 
115,1.4: 110 111 112 113 114 116 117 118 119 120 
116,1.3: 111 112 113 115 117 118 119 120 121 
117,1.3: 112 113 114 115 116 120 121 122 377 
118,1.4: 113 114 115 116 119 120 121 122 123 578 
119,1.4: 115 116 118 120 121 122 123 124 275 397 
120,1.4: 115 116 117 118 119 121 122 123 124 125 
121,1.4: 116 117 118 119 120 122 123 124 125 126 
122,1.5: 117 118 119 120 121 123 124 125 126 127 963 987 
123,1.4: 118 119 120 121 122 124 125 126 127 128 
124,1.4: 119 120 121 122 123 125 126 127 128 129 284 
125,1.4: 120 121 122 123 124 126 127 128 129 130 
126,1.4: 121 122 123 124 125 127 128 129 130 131 
127,1.4: 122 123 124 125 126 128 129 132 366 392 977 
128,1.4: 123 124 125 126 127 129 130 131 132 133 440 
129,1.4: 124 125 126 127 128 130 131 132 133 134 
130,1.4: 125 126 128 129 131 132 133 134 710 818 
131,1.3: 126 128 129 130 132 133 134 135 136 
132,1.3: 127 128 129 130 131 134 135 136 137 
133,1.4: 128 129 130 131 134 135 136 137 138 491 957 
134,1.4: 129 130 131 132 133 135 136 137 138 139 392 
135,1.4: 44 131 132 133 134 137 138 139 140 871 
136,1.4: 131 132 133 134 137 138 140 141 304 403 491 
137,1.4: 21 132 133 134 135 136 138 139 140 142 606 
138,1.4: 133 134 135 136 137 139 141 142 143 209 
139,1.4: 134 135 137 138 140 142 143 144 305 733 
140,1.4: 135 136 137 139 142 143 144 145 164 241 650 
141,1.3: 136 138 142 143 144 145 434 614 821 
142,1.4: 137 138 139 140 141 143 144 145 146 147 
143,1.4: 138 139 140 141 142 144 145 146 147 148 
144,1.3: 139 140 141 142 143 145 146 148 149 
145,1.4: 140 141 142 143 144 146 147 149 150 617 
146,1.4: 142 143 144 145 147 148 149 151 284 761 956 
147,1.4: 27 142 143 145 146 148 149 150 151 152 399 
148,1.3: 143 144 146 147 149 150 152 153 452 
149,1.4: 21 144 145 146 147 148 150 151 152 153 745 
150,1.3: 145 147 148 149 151 152 155 185 249 
151,1.3: 146 147 149 150 152 153 154 274 879 
152,1.4: 147 148 149 150 151 153 154 155 156 157 937 
153,1.4: 101 148 149 151 152 154 155 156 157 158 
154,1.2: 151 152 153 155 156 157 158 
155,1.4: 150 152 153 154 156 157 158 159 160 445 
156,1.4: 152 153 154 155 157 158 159 160 161 429 495 
157,1.5: 20 152 153 154 155 156 158 159 160 161 162 669 
158,1.4: 153 154 155 156 157 159 160 161 162 163 
159,1.4: 155 156 157 158 160 161 162 163 164 611 
160,1.4: 155 156 157 158 159 161 162 163 164 165 418 
161,1.4: 156 157 158 159 160 162 163 164 165 166 
162,1.3: 157 158 159 160 161 163 164 166 
163,1.4: 158 159 160 161 162 164 165 166 167 168 455 
164,1.5: 140 159 160 161 162 163 165 166 167 168 169 788 
165,1.4: 160 161 163 164 166 167 168 169 170 426 612 
166,1.4: 161 162 163 164 165 167 168 169 170 171 
167,1.4: 163 164 165 166 168 169 170 171 172 378 948 
168,1.4: 163 164 165 166 167 169 170 171 172 173 
169,1.4: 164 165 166 167 168 170 171 172 173 174 663 
170,1.4: 165 166 167 168 169 171 172 173 174 175 
171,1.4: 166 167 168 169 170 172 173 174 175 176 557 
172,1.4: 167 168 169 170 171 173 174 175 176 177 
173,1.4: 168 169 170 171 172 174 175 176 177 178 399 
174,1.3: 169 170 171 172 173 175 177 178 179 
175,1.4: 170 171 172 173 174 176 177 178 180 343 
176,1.4: 171 172 173 175 177 178 179 181 832 948 952 
177,1.4: 172 173 174 175 176 178 179 180 181 182 
178,1.4: 173 174 175 176 177 179 180 181 182 183 
179,1.5: 174 176 177 178 180 181 182 183 184 338 443 582 
180,1.3: 175 177 178 179 181 182 183 184 185 
181,1.4: 176 177 178 179 180 183 184 185 186 480 
182,1.5: 83 177 178 179 180 183 184 185 186 187 548 880 
183,1.4: 178 179 180 181 182 184 185 186 187 188 871 
184,1.5: 179 180 181 182 183 185 186 187 188 189 532 729 
185,1.4: 150 180 181 182 183 184 186 187 188 189 190 
186,1.4: 181 182 183 184 185 187 188 189 190 191 465 
187,1.4: 35 182 183 184 185 186 188 189 191 192 
188,1.4: 183 184 185 186 187 189 190 191 192 193 
189,1.3: 184 185 186 187 188 190 191 192 193 
190,1.4: 185 186 188 189 191 192 193 194 195 449 
191,1.4: 100 186 187 188 189 190 192 193 195 196 
192,1.4: 47 187 188 189 190 191 193 194 195 196 197 
193,1.3: 188 189 190 191 192 195 196 197 210 
194,1.3: 190 192 195 196 198 199 527 964 
195,1.4: 190 191 192 193 194 196 197 198 200 951 
196,1.5: 191 192 193 194 195 197 198 199 200 201 549 823 
197,1.3: 192 193 195 196 198 199 200 201 202 
198,1.4: 194 195 196 197 200 201 202 203 341 469 563 
199,1.3: 194 196 197 200 201 202 203 204 
200,1.3: 195 196 197 198 199 201 203 204 205 
201,1.4: 196 197 198 199 200 202 203 204 205 206 
202,1.4: 197 198 199 201 203 205 206 207 529 803 
203,1.4: 198 199 200 201 202 204 205 206 208 804 
204,1.3: 199 200 201 203 205 206 207 208 209 
205,1.4: 200 201 202 203 204 206 207 208 209 210 
206,1.3: 201 202 203 204 205 208 209 210 211 
207,1.3: 202 204 205 208 209 210 211 776 
208,1.3: 203 204 205 206 207 210 211 212 265 
209,1.4: 138 204 205 206 207 210 211 212 213 214 442 
210,1.4: 193 205 206 207 208 209 212 213 214 215 600 
211,1.4: 206 207 208 209 212 213 214 215 216 545 
212,1.4: 208 209 210 211 214 215 216 217 525 786 
213,1.3: 209 210 211 214 215 216 217 218 
214,1.4: 209 210 211 212 213 215 216 217 218 219 729 
215,1.4: 210 211 212 213 214 216 217 218 219 220 
216,1.4: 211 212 213 214 215 217 218 219 220 221 821 
217,1.4: 212 213 214 215 216 218 219 220 221 222 
218,1.4: 213 214 215 216 217 219 220 221 222 223 
219,1.4: 214 215 216 217 218 220 221 222 223 224 705 
220,1.3: 215 216 217 218 219 221 222 223 224 
221,1.3: 216 217 218 219 220 222 223 225 226 
222,1.3: 217 218 219 220 221 223 225 226 227 
223,1.3: 218 219 220 221 222 224 225 226 227 
224,1.4: 219 220 223 225 226 227 228 229 690 780 
225,1.5: 110 221 222 223 224 226 228 229 230 317 663 761 
226,1.4: 221 222 223 224 225 227 228 229 230 231 
227,1.3: 222 223 224 226 228 229 230 231 232 
228,1.4: 11 224 225 226 227 229 230 231 233 631 948 
229,1.4: 224 225 226 227 228 230 231 232 233 234 
230,1.4: 225 226 227 228 229 231 233 234 235 560 892 
231,1.4: 226 227 228 229 230 232 233 234 235 236 
232,1.4: 227 229 231 233 234 235 236 259 379 393 
233,1.4: 228 229 230 231 232 234 235 236 237 238 863 
234,1.4: 229 230 231 232 233 235 236 237 238 239 
235,1.4: 230 231 232 233 234 236 237 238 239 240 
236,1.3: 231 232 233 234 235 237 238 239 240 
237,1.4: 233 234 235 236 238 239 240 241 242 950 
238,1.3: 233 234 235 236 237 239 240 241 242 
239,1.4: 234 235 236 237 238 240 241 242 243 244 
240,1.3: 235 236 237 238 239 242 243 244 245 
241,1.4: 140 237 238 239 242 243 244 245 246 635 
242,1.5: 45 237 238 239 240 241 243 244 245 246 247 738 840 
243,1.4: 106 239 240 241 242 244 246 247 248 256 
244,1.4: 239 240 241 242 243 245 246 247 248 249 
245,1.4: 240 241 242 244 246 247 249 250 309 932 
246,1.4: 241 242 243 244 245 247 248 249 250 251 
247,1.4: 242 243 244 245 246 248 249 252 508 930 
248,1.4: 243 244 246 247 249 250 252 253 844 953 
249,1.5: 150 244 245 246 247 248 250 251 252 253 254 830 
250,1.4: 103 245 246 248 249 251 252 253 254 255 
251,1.3: 246 249 250 252 253 254 255 256 
252,1.3: 247 248 249 250 251 253 254 255 256 
253,1.4: 248 249 250 251 252 254 256 257 258 691 
254,1.5: 41 249 250 251 252 253 255 256 257 258 259 757 854 
255,1.3: 250 251 252 254 256 257 258 259 260 
256,1.4: 243 251 252 253 254 255 257 258 259 260 261 
257,1.4: 253 254 255 256 258 259 260 261 262 452 854 
258,1.4: 253 254 255 256 257 259 260 261 262 263 458 
259,1.4: 232 254 255 256 257 258 260 261 262 263 264 
260,1.4: 255 256 257 258 259 261 262 263 264 265 
261,1.4: 256 257 258 259 260 262 263 264 265 266 
262,1.5: 257 258 259 260 261 263 265 266 267 589 692 861 
263,1.4: 258 259 260 261 262 264 265 266 267 268 
264,1.3: 259 260 261 263 265 266 267 268 269 
265,1.5: 208 260 261 262 263 264 266 267 268 269 270 347 
266,1.3: 261 262 263 264 265 268 269 270 271 
267,1.4: 262 263 264 265 268 269 270 271 272 527 691 
268,1.4: 263 264 265 266 267 270 271 272 273 588 598 
269,1.3: 264 265 266 267 270 271 272 273 274 
270,1.4: 265 266 267 268 269 271 272 273 274 275 
271,1.3: 266 267 268 269 270 273 274 275 276 
272,1.4: 267 268 269 270 273 274 275 276 277 520 553 
273,1.4: 268 269 270 271 272 275 276 277 278 958 
274,1.5: 151 269 270 271 272 275 276 277 278 442 800 817 
275,1.4: 119 270 271 272 273 274 277 278 279 280 380 
276,1.3: 271 272 273 274 278 279 280 281 
277,1.3: 272 273 274 275 278 279 280 282 994 
278,1.4: 273 274 275 276 277 279 280 281 282 283 
279,1.3: 275 276 277 278 280 281 282 284 
280,1.4: 275 276 277 278 279 281 282 283 284 285 995 
281,1.4: 85 276 278 279 280 282 283 284 285 286 
282,1.4: 60 277 278 279 280 281 283 284 285 287 613 
283,1.3: 278 280 281 282 284 286 288 818 925 
284,1.4: 124 146 279 280 281 282 283 285 286 287 
285,1.3: 280 281 282 284 286 287 288 289 290 
286,1.4: 281 283 284 285 287 288 289 290 291 487 
287,1.4: 282 284 285 286 288 289 290 291 292 343 
288,1.3: 283 285 286 287 290 291 292 293 
289,1.3: 285 286 287 290 291 292 294 327 502 
290,1.4: 285 286 287 288 289 291 292 293 294 295 
291,1.4: 286 287 288 289 290 292 294 295 296 421 629 
292,1.4: 287 288 289 290 291 293 294 295 297 379 
293,1.3: 288 290 292 294 295 296 297 298 762 
294,1.4: 289 290 291 292 293 295 296 297 298 299 
295,1.4: 290 291 292 293 294 296 297 298 299 300 
296,1.4: 291 293 294 295 297 298 299 300 301 584 
297,1.4: 292 293 294 295 296 298 299 300 301 302 378 
298,1.4: 293 294 295 296 297 299 300 301 302 303 
299,1.4: 294 295 296 297 298 300 301 302 303 501 
300,1.4: 295 296 297 298 299 301 302 303 305 906 
301,1.4: 296 297 298 299 300 302 303 304 305 306 
302,1.4: 297 298 299 300 301 303 304 305 306 307 
303,1.4: 298 299 300 301 302 304 305 306 307 308 
304,1.4: 136 301 302 303 305 306 307 308 309 610 873 
305,1.4: 139 300 301 302 303 304 306 307 309 310 
306,1.5: 301 302 303 304 305 307 308 309 310 311 459 969 
307,1.4: 95 302 303 304 305 306 308 309 310 312 985 
308,1.4: 303 304 306 307 309 311 312 313 315 336 
309,1.4: 245 304 305 306 307 308 310 311 312 313 314 
310,1.3: 305 306 307 309 311 312 313 314 315 
311,1.3: 306 308 309 310 312 313 314 315 316 
312,1.4: 307 308 309 310 311 313 314 315 316 317 
313,1.4: 308 309 310 311 312 314 315 316 317 318 
314,1.4: 309 310 311 312 313 315 316 317 319 468 
315,1.5: 101 308 310 311 312 313 314 316 317 318 319 320 454 
316,1.4: 311 312 313 314 315 317 318 319 320 321 
317,1.4: 113 225 312 313 314 315 316 319 320 321 322 
318,1.3: 313 315 316 319 320 321 322 323 
319,1.3: 314 315 316 317 318 322 323 324 602 
320,1.3: 315 316 317 318 321 322 323 324 365 
321,1.3: 316 317 318 320 322 323 325 326 658 
322,1.4: 317 318 319 320 321 323 324 325 326 327 
323,1.4: 22 318 319 320 321 322 324 325 327 328 832 
324,1.3: 319 320 322 323 325 326 327 328 522 
325,1.3: 107 321 322 323 324 326 327 328 329 
326,1.3: 321 322 324 325 327 329 330 331 419 
327,1.4: 289 322 323 324 325 326 328 329 330 331 332 
328,1.3: 323 324 325 327 329 330 331 332 333 
329,1.4: 325 326 327 328 330 331 332 333 334 540 
330,1.4: 326 327 328 329 331 332 333 334 335 394 
331,1.4: 326 327 328 329 330 332 333 334 335 336 
332,1.4: 327 328 329 330 331 333 334 335 336 337 
333,1.3: 328 329 330 331 332 334 335 337 338 
334,1.4: 329 330 331 332 333 335 336 337 338 339 
335,1.4: 330 331 332 333 334 336 337 338 339 340 933 
336,1.4: 308 331 332 334 335 337 338 340 341 554 
337,1.4: 332 333 334 335 336 339 340 341 342 412 
338,1.5: 179 333 334 335 336 339 340 341 342 343 627 915 
339,1.4: 334 335 337 338 340 341 342 343 344 856 
340,1.4: 335 336 337 338 339 341 342 343 344 345 
341,1.5: 198 336 337 338 339 340 342 343 344 345 346 573 
342,1.4: 337 338 339 340 341 343 344 345 346 347 
343,1.4: 175 287 338 339 340 341 342 345 346 347 348 
344,1.3: 339 340 341 342 346 347 348 349 
345,1.4: 340 341 342 343 346 347 348 349 350 738 989 
346,1.3: 341 342 343 344 345 347 348 349 350 
347,1.4: 265 342 343 344 345 346 348 350 351 352 
348,1.4: 98 343 344 345 346 347 349 350 351 353 
349,1.4: 344 345 346 348 350 351 352 353 354 474 
350,1.3: 345 346 347 348 349 351 353 354 355 
351,1.4: 347 348 349 350 352 354 355 356 506 797 
352,1.2: 347 349 351 354 355 356 480 
353,1.2: 348 349 350 354 355 357 358 
354,1.3: 349 350 351 352 353 355 357 358 359 
355,1.4: 350 351 352 353 354 356 357 358 359 360 
356,1.4: 351 352 355 357 358 359 361 476 612 976 
357,1.3: 353 354 355 356 358 359 362 420 
358,1.4: 353 354 355 356 357 359 360 361 362 363 
359,1.4: 354 355 356 357 358 360 361 362 363 364 797 
360,1.3: 107 355 358 359 361 362 363 364 778 
361,1.4: 59 356 358 359 360 362 363 364 365 366 711 
362,1.4: 357 358 359 360 361 363 364 365 366 367 
363,1.4: 358 359 360 361 362 364 365 366 367 368 
364,1.3: 359 360 361 362 363 365 366 368 369 
365,1.3: 320 361 362 363 364 366 367 368 370 
366,1.4: 127 361 362 363 364 365 367 368 369 371 
367,1.4: 362 363 365 366 368 369 370 371 372 937 
368,1.4: 363 364 365 366 367 369 370 371 372 373 
369,1.4: 364 366 367 368 370 371 372 373 374 397 
370,1.3: 365 367 368 369 371 372 373 374 375 
371,1.4: 40 51 78 366 367 368 369 370 372 374 375 
372,1.4: 367 368 369 370 371 373 374 375 376 377 
373,1.4: 368 369 370 372 374 375 376 377 378 442 768 
374,1.4: 15 369 370 371 372 373 375 376 378 379 525 
375,1.4: 370 371 372 373 374 376 377 378 379 380 
376,1.3: 372 373 374 375 377 379 380 381 
377,1.4: 117 372 373 375 376 378 380 381 382 791 803 
378,1.4: 167 297 373 374 375 377 380 381 383 657 
379,1.4: 232 292 374 375 376 380 381 382 383 384 852 
380,1.5: 275 375 376 377 378 379 381 382 383 385 607 999 
381,1.3: 376 377 378 379 380 382 383 385 386 
382,1.4: 377 379 380 381 383 385 386 387 693 985 
383,1.4: 378 379 380 381 382 384 385 386 387 901 
384,1.3: 379 383 385 386 387 388 509 984 998 
385,1.4: 380 381 382 383 384 386 387 388 389 390 
386,1.4: 381 382 383 384 385 387 388 389 390 391 
387,1.3: 382 383 384 385 386 388 389 390 391 
388,1.3: 384 385 386 387 389 390 391 392 393 
389,1.4: 385 386 387 388 390 391 392 393 394 795 
390,1.3: 385 386 387 388 389 391 393 394 395 
391,1.4: 386 387 388 389 390 392 393 394 395 396 
392,1.5: 101 106 127 134 388 389 391 394 395 396 397 786 
393,1.3: 232 388 389 390 391 394 395 396 398 
394,1.4: 51 330 389 390 391 392 393 395 396 397 398 
395,1.5: 27 390 391 392 393 394 396 398 399 400 510 804 
396,1.4: 391 392 393 394 395 397 398 399 400 401 
397,1.3: 119 369 392 394 396 398 400 401 402 
398,1.3: 92 393 394 395 396 397 400 401 403 
399,1.3: 147 173 395 396 400 401 402 404 997 
400,1.4: 395 396 397 398 399 401 402 404 405 441 780 
401,1.4: 396 397 398 399 400 404 405 406 740 993 
402,1.3: 397 399 400 403 404 405 406 407 
403,1.4: 49 136 398 402 404 405 406 407 408 601 
404,1.4: 399 400 401 402 403 405 406 407 408 409 
405,1.4: 400 401 402 403 404 406 408 409 410 888 
406,1.4: 401 402 403 404 405 407 408 409 410 411 545 
407,1.4: 402 403 404 406 408 409 410 411 413 575 
408,1.4: 403 404 405 406 407 409 410 411 412 413 
409,1.5: 404 405 406 407 408 410 411 412 413 414 660 683 
410,1.4: 405 406 407 408 409 411 412 413 414 415 
411,1.3: 406 407 408 409 410 412 413 415 416 
412,1.4: 337 408 409 410 411 413 414 415 417 617 
413,1.4: 407 408 409 410 411 412 414 416 418 435 599 
414,1.4: 8 409 410 412 413 415 416 417 418 419 
415,1.3: 410 411 412 414 416 417 419 420 955 
416,1.4: 411 413 414 415 417 418 420 421 576 943 
417,1.4: 412 414 415 416 418 419 420 421 422 931 
418,1.4: 160 413 414 416 417 419 420 421 422 479 
419,1.3: 326 414 415 417 418 420 421 423 424 
420,1.4: 357 415 416 417 418 419 421 422 423 424 425 
421,1.4: 291 416 417 418 419 420 422 423 424 425 426 
422,1.4: 417 418 420 421 423 424 425 426 427 447 627 
423,1.3: 419 420 421 422 424 425 426 427 428 
424,1.4: 419 420 421 422 423 425 426 427 428 429 772 
425,1.4: 420 421 422 423 424 426 427 428 429 430 
426,1.4: 165 421 422 423 424 425 427 429 430 431 469 
427,1.3: 422 423 424 425 426 430 431 432 
428,1.4: 64 423 424 425 429 430 431 432 433 572 
429,1.4: 156 424 425 426 428 430 431 432 433 712 
430,1.4: 425 426 427 428 429 431 432 433 434 435 538 
431,1.4: 86 426 427 428 429 430 432 433 433 434 435 
432,1.3: 427 428 429 430 431 433 434 436 437 
433,1.4: 428 429 430 431 431 432 434 435 436 437 438 
434,1.4: 141 430 431 432 433 436 437 438 439 766 
435,1.3: 413 430 431 433 436 437 438 439 440 
436,1.4: 80 432 433 434 435 438 439 440 441 679 
437,1.3: 432 433 434 435 438 439 440 441 442 
438,1.4: 433 434 435 436 437 439 440 441 442 443 
439,1.4: 434 435 436 437 438 440 441 442 443 444 
440,1.4: 128 435 436 437 438 439 441 443 444 445 
441,1.4: 400 436 437 438 439 440 442 443 445 446 
442,1.4: 209 274 373 437 438 439 441 443 446 675 
443,1.4: 11 179 438 439 440 441 442 444 445 731 
444,1.3: 439 440 443 445 446 447 448 449 562 
445,1.4: 155 440 441 443 444 446 447 448 449 450 
446,1.3: 441 442 444 445 447 448 449 450 451 
447,1.3: 422 444 445 446 449 450 451 452 
448,1.3: 444 445 446 449 450 451 453 803 
449,1.4: 190 444 445 446 447 448 450 451 452 453 454 
450,1.4: 445 446 447 448 449 451 452 453 454 455 
451,1.4: 446 447 448 449 450 452 453 454 455 456 485 
452,1.4: 148 257 447 449 450 451 453 454 455 456 695 
453,1.3: 448 449 450 451 452 456 457 458 
454,1.4: 71 315 449 450 451 452 455 456 457 458 459 
455,1.4: 163 450 451 452 454 456 457 458 459 460 660 
456,1.3: 451 452 453 454 455 457 459 460 461 
457,1.3: 453 454 455 456 458 459 460 461 462 
458,1.4: 258 453 454 455 457 459 460 461 462 463 
459,1.4: 68 306 454 455 456 457 458 460 462 463 464 
460,1.4: 455 456 457 458 459 461 462 463 464 465 
461,1.4: 456 457 458 460 462 463 464 465 466 884 
462,1.4: 457 458 459 460 461 463 464 465 466 796 
463,1.4: 458 459 460 461 462 464 465 466 467 468 
464,1.4: 459 460 461 462 463 465 466 467 468 469 
465,1.4: 186 460 461 462 463 464 466 467 468 470 
466,1.4: 461 462 463 464 465 467 468 469 470 471 564 
467,1.4: 463 464 465 466 468 469 470 471 472 530 
468,1.4: 314 463 464 465 466 467 469 470 471 472 473 
469,1.4: 198 426 464 466 467 468 470 471 473 474 
470,1.4: 465 466 467 468 469 471 472 473 474 842 
471,1.3: 466 467 468 469 470 472 473 475 
472,1.3: 467 468 470 471 473 474 475 476 477 
473,1.5: 102 468 469 470 471 472 474 475 476 477 478 531 686 
474,1.3: 349 469 470 472 473 475 477 478 479 
475,1.4: 45 471 472 473 474 476 477 478 479 656 
476,1.4: 356 472 473 475 477 478 479 480 481 843 
477,1.4: 472 473 474 475 476 478 479 480 481 482 
478,1.4: 473 474 475 476 477 479 480 481 483 587 
479,1.5: 418 474 475 476 477 478 480 481 483 484 499 800 
480,1.4: 181 352 476 477 478 479 481 483 484 485 839 
481,1.3: 476 477 478 479 480 482 483 485 486 
482,1.3: 477 481 483 484 485 486 487 518 
483,1.3: 478 479 480 481 482 484 486 487 488 
484,1.4: 479 480 482 483 485 486 487 488 489 578 952 
485,1.4: 82 451 480 481 482 484 486 487 488 489 490 
486,1.4: 481 482 483 484 485 487 488 489 490 491 
487,1.4: 55 286 482 483 484 485 486 488 489 490 491 
488,1.4: 483 484 485 486 487 489 490 491 492 493 
489,1.3: 484 485 486 487 488 492 493 494 
490,1.3: 485 486 487 488 491 492 493 494 495 
491,1.4: 133 136 486 487 488 490 492 493 494 495 
492,1.3: 488 489 490 491 493 494 495 496 497 
493,1.4: 488 489 490 491 492 494 495 496 497 498 
494,1.4: 489 490 491 492 493 495 496 497 498 499 
495,1.4: 80 156 490 491 492 493 494 497 498 499 500 
496,1.3: 492 493 494 497 498 499 500 501 
497,1.4: 103 492 493 494 495 496 498 499 500 501 502 
498,1.3: 493 494 495 496 497 500 501 502 503 
499,1.4: 479 494 495 496 497 500 501 502 503 504 
500,1.4: 495 496 497 498 499 501 502 503 504 505 823 
501,1.3: 299 496 497 498 499 500 504 506 832 
502,1.4: 289 497 498 499 500 503 504 505 506 507 830 
503,1.3: 498 499 500 502 504 505 506 507 
504,1.4: 499 500 501 502 503 505 506 507 508 509 
505,1.3: 500 502 503 504 506 507 508 509 510 
506,1.5: 351 501 502 503 504 505 507 508 509 510 511 646 
507,1.4: 502 503 504 505 506 508 509 510 511 512 
508,1.3: 247 504 505 506 507 509 511 512 513 
509,1.4: 384 504 505 506 507 508 510 511 512 514 
510,1.4: 48 395 505 506 507 509 511 513 514 515 635 
511,1.3: 506 507 508 509 510 513 514 516 871 
512,1.2: 63 507 508 509 513 514 517 
513,1.4: 508 510 511 512 514 515 516 517 518 846 
514,1.4: 509 510 511 512 513 515 516 517 518 519 
515,1.3: 510 513 514 516 517 518 519 520 947 
516,1.4: 511 513 514 515 517 518 519 520 521 579 806 
517,1.4: 40 512 513 514 515 516 518 519 520 522 
518,1.4: 482 513 514 515 516 517 520 521 523 740 
519,1.3: 514 515 516 517 520 521 522 523 524 
520,1.4: 272 515 516 517 518 519 521 522 523 524 525 
521,1.4: 106 516 518 519 520 522 523 524 525 997 
522,1.4: 324 517 519 520 521 523 524 525 526 527 
523,1.4: 518 519 520 521 522 524 525 526 527 528 
524,1.4: 519 520 521 522 523 525 526 527 528 529 
525,1.5: 76 212 374 520 521 522 523 524 526 528 529 530 
526,1.4: 522 523 524 525 527 528 530 531 569 707 
527,1.3: 194 267 522 523 524 526 528 530 532 
528,1.4: 523 524 525 526 527 529 530 531 532 566 
529,1.3: 202 524 525 528 530 531 532 533 534 
530,1.5: 110 467 525 526 527 528 529 531 533 534 535 866 
531,1.4: 473 526 528 529 530 532 533 534 535 536 
532,1.3: 184 527 528 529 531 534 535 537 741 
533,1.3: 529 530 531 534 535 536 537 538 857 
534,1.4: 529 530 531 532 533 535 536 537 538 539 
535,1.3: 530 531 532 533 534 536 537 539 812 
536,1.3: 531 533 534 535 537 538 539 540 541 
537,1.4: 532 533 534 535 536 538 539 540 541 969 
538,1.4: 430 533 534 536 537 539 540 541 542 593 
539,1.4: 534 535 536 537 538 540 541 542 543 544 
540,1.4: 329 536 537 538 539 541 542 543 544 545 890 
541,1.4: 536 537 538 539 540 542 543 544 545 546 
542,1.3: 538 539 540 541 543 544 546 547 919 
543,1.3: 539 540 541 542 544 545 546 547 548 
544,1.4: 539 540 541 542 543 545 546 547 548 549 
545,1.4: 77 211 406 540 541 543 544 546 547 548 549 
546,1.5: 541 542 543 544 545 547 549 550 551 555 817 924 
547,1.4: 542 543 544 545 546 548 549 550 551 552 908 
548,1.3: 182 543 544 545 547 549 550 551 552 
549,1.4: 196 544 545 546 547 548 550 551 552 553 
550,1.3: 546 547 548 549 551 552 553 554 555 
551,1.4: 546 547 548 549 550 553 554 556 821 822 
552,1.4: 547 548 549 550 553 554 555 556 557 967 
553,1.4: 272 549 550 551 552 554 555 556 557 558 
554,1.4: 336 550 551 552 553 555 556 557 558 559 
555,1.3: 546 550 552 553 554 556 557 558 559 
556,1.3: 551 552 553 554 555 558 559 560 561 
557,1.4: 15 171 552 553 554 555 558 559 560 561 562 
558,1.4: 553 554 555 556 557 559 560 561 563 644 
559,1.3: 554 555 556 557 558 560 561 562 563 
560,1.4: 114 230 556 557 558 559 561 562 563 564 565 
561,1.4: 556 557 558 559 560 562 563 564 565 566 
562,1.4: 69 444 557 559 560 561 563 564 565 567 
563,1.4: 198 558 559 560 561 562 564 565 566 567 568 
564,1.4: 35 466 560 561 562 563 565 566 567 568 569 
565,1.4: 560 561 562 563 564 566 567 568 569 570 
566,1.4: 528 561 563 564 565 567 568 569 570 571 
567,1.4: 562 563 564 565 566 568 569 570 571 959 
568,1.4: 563 564 565 566 567 569 570 571 572 573 706 
569,1.5: 526 564 565 566 567 568 570 571 572 573 574 850 
570,1.4: 565 566 567 568 569 571 572 573 574 575 866 
571,1.4: 566 567 568 569 570 572 573 574 575 576 
572,1.3: 428 568 569 570 571 573 574 575 577 
573,1.5: 341 568 569 570 571 572 574 575 576 577 578 776 
574,1.4: 569 570 571 572 573 575 576 577 578 579 877 
575,1.5: 407 570 571 572 573 574 576 577 578 579 785 928 933 
576,1.4: 416 571 573 574 575 577 578 579 580 581 
577,1.4: 572 573 574 575 576 578 579 580 581 582 
578,1.4: 118 484 573 574 575 576 577 580 582 583 
579,1.4: 516 574 575 576 577 580 581 582 583 584 
580,1.3: 576 577 578 579 581 582 583 584 585 
581,1.4: 43 576 577 579 580 582 583 584 585 586 
582,1.4: 179 577 578 579 580 581 583 584 585 586 
583,1.4: 578 579 580 581 582 584 585 586 587 588 
584,1.4: 296 579 580 581 582 583 585 586 587 588 589 
585,1.4: 580 581 582 583 584 586 587 588 589 590 
586,1.4: 581 582 583 584 585 587 588 589 590 591 
587,1.4: 478 583 584 585 586 588 589 590 591 592 
588,1.4: 268 583 584 585 586 587 589 590 591 592 593 
589,1.4: 262 584 585 586 587 588 590 591 592 593 594 
590,1.3: 585 586 587 588 589 591 592 594 595 
591,1.4: 586 587 588 589 590 592 593 594 595 596 
592,1.4: 587 588 589 590 591 593 594 595 596 597 725 
593,1.4: 538 588 589 591 592 594 595 596 597 598 
594,1.4: 589 590 591 592 593 595 596 597 598 599 
595,1.3: 590 591 592 593 594 596 597 599 600 
596,1.4: 20 591 592 593 594 595 597 598 599 600 
597,1.4: 592 593 594 595 596 598 599 600 601 602 
598,1.3: 268 593 594 596 597 599 601 763 960 
599,1.4: 413 594 595 596 597 598 601 602 603 604 
600,1.4: 210 595 596 597 601 602 603 604 605 634 
601,1.4: 403 597 598 599 600 602 603 604 605 606 984 
602,1.4: 319 597 599 600 601 603 604 605 606 607 718 
603,1.3: 599 600 601 602 604 605 606 607 608 
604,1.3: 599 600 601 602 603 605 608 609 933 
605,1.3: 600 601 602 603 604 607 608 609 610 
606,1.3: 137 601 602 603 607 608 609 610 611 
607,1.3: 380 602 603 605 606 608 609 610 611 
608,1.4: 603 604 605 606 607 609 610 611 612 613 719 
609,1.4: 604 605 606 607 608 610 611 612 613 614 
610,1.4: 11 304 605 606 607 608 609 611 613 614 615 
611,1.4: 159 606 607 608 609 610 612 614 615 616 
612,1.4: 165 356 608 609 611 613 614 615 616 617 835 
613,1.4: 282 608 609 610 612 614 615 616 617 618 
614,1.4: 141 609 610 611 612 613 615 616 617 618 619 
615,1.4: 50 610 611 612 613 614 616 617 618 619 620 
616,1.4: 611 612 613 614 615 617 618 619 620 621 
617,1.5: 145 412 612 613 614 615 616 618 619 620 621 622 
618,1.4: 613 614 615 616 617 619 620 621 622 623 
619,1.4: 614 615 616 617 618 620 621 622 623 624 982 
620,1.3: 615 616 617 618 619 621 622 623 625 
621,1.4: 616 617 618 619 620 622 623 624 626 959 
622,1.4: 617 618 619 620 621 623 624 625 626 627 
623,1.4: 618 619 620 621 622 624 625 627 628 985 
624,1.4: 619 621 622 623 625 626 627 628 629 897 
625,1.3: 620 622 623 624 626 627 628 629 630 
626,1.3: 621 622 624 625 627 628 629 630 631 
627,1.4: 338 422 622 623 624 625 626 629 630 632 
628,1.3: 623 624 625 626 629 630 631 632 633 
629,1.4: 291 624 625 626 627 628 630 632 633 634 
630,1.4: 625 626 627 628 629 631 632 633 634 635 
631,1.3: 228 626 628 630 632 634 635 636 749 
632,1.4: 627 628 629 630 631 633 634 635 636 637 
633,1.3: 628 629 630 632 634 635 636 637 638 
634,1.4: 600 629 630 631 632 633 635 636 637 638 
635,1.5: 241 510 630 631 632 633 634 636 637 638 640 766 
636,1.4: 631 632 633 634 635 637 638 639 640 641 
637,1.4: 632 633 634 635 636 638 639 640 641 642 
638,1.4: 633 634 635 636 637 639 640 641 642 643 
639,1.3: 636 637 638 640 641 642 643 644 
640,1.4: 635 636 637 638 639 641 642 643 644 645 
641,1.4: 636 637 638 639 640 642 644 645 646 952 
642,1.4: 637 638 639 640 641 643 644 645 646 647 
643,1.3: 638 639 640 642 645 646 647 648 
644,1.4: 558 639 640 641 642 645 646 647 648 649 
645,1.3: 640 641 642 643 644 647 648 649 650 
646,1.4: 506 641 642 643 644 647 648 649 650 651 
647,1.4: 642 643 644 645 646 648 649 650 651 652 
648,1.3: 643 644 645 646 647 649 650 651 652 
649,1.4: 644 645 646 647 648 650 651 652 653 654 
650,1.5: 140 645 646 647 648 649 651 652 653 654 655 731 954 
651,1.3: 646 647 648 649 650 653 655 656 827 
652,1.3: 647 648 649 650 653 654 655 656 657 
653,1.3: 649 650 651 652 654 655 656 657 789 
654,1.4: 649 650 652 653 655 656 657 658 659 898 
655,1.4: 650 651 652 653 654 656 657 658 659 660 
656,1.4: 475 651 652 653 654 655 657 658 659 660 661 
657,1.4: 378 652 653 654 655 656 658 659 660 661 662 
658,1.3: 321 654 655 656 657 659 662 663 665 
659,1.4: 654 655 656 657 658 660 661 662 663 664 
660,1.4: 409 455 655 656 657 659 661 663 664 665 700 
661,1.4: 656 657 659 660 662 663 664 665 666 911 
662,1.4: 68 657 658 659 661 663 664 665 666 667 
663,1.4: 169 225 658 659 660 661 662 664 665 666 667 
664,1.3: 659 660 661 662 663 665 666 667 668 
665,1.4: 658 660 661 662 663 664 666 667 669 670 
666,1.4: 661 662 663 664 665 667 668 669 670 671 
667,1.4: 662 663 664 665 666 668 669 670 671 672 891 
668,1.3: 664 666 667 669 670 671 672 673 760 
669,1.4: 157 665 666 667 668 670 671 672 673 674 
670,1.4: 665 666 667 668 669 671 672 673 674 675 
671,1.4: 666 667 668 669 670 672 673 674 675 676 
672,1.4: 667 668 669 670 671 673 674 676 677 949 
673,1.4: 668 669 670 671 672 674 675 676 677 678 
674,1.4: 669 670 671 672 673 675 676 677 678 679 
675,1.3: 442 670 671 673 674 676 677 678 680 
676,1.4: 671 672 673 674 675 677 678 679 680 681 
677,1.4: 672 673 674 675 676 678 679 680 681 682 
678,1.3: 673 674 675 676 677 680 681 682 683 
679,1.4: 436 674 676 677 680 681 682 683 684 795 980 
680,1.4: 675 676 677 678 679 681 682 683 684 685 
681,1.3: 676 677 678 679 680 682 683 684 685 
682,1.4: 677 678 679 680 681 683 684 685 686 687 
683,1.4: 409 678 679 680 681 682 684 685 686 687 695 
684,1.4: 679 680 681 682 683 685 686 687 688 689 758 
685,1.4: 680 681 682 683 684 686 687 688 689 690 
686,1.4: 473 682 683 684 685 687 688 689 690 691 
687,1.3: 682 683 684 685 686 688 690 691 692 
688,1.2: 684 685 686 687 689 690 796 
689,1.4: 684 685 686 688 690 691 692 693 694 759 
690,1.4: 224 685 686 687 688 689 691 692 693 694 695 
691,1.5: 253 267 686 687 689 690 692 693 694 695 696 821 
692,1.4: 262 687 689 690 691 693 694 695 696 697 
693,1.4: 382 689 690 691 692 694 695 696 697 698 
694,1.4: 689 690 691 692 693 695 696 697 698 699 
695,1.4: 452 683 690 691 692 693 694 697 698 699 700 
696,1.4: 80 691 692 693 694 697 698 699 700 701 967 
697,1.4: 692 693 694 695 696 698 699 700 701 702 
698,1.4: 693 694 695 696 697 699 700 701 702 703 
699,1.3: 694 695 696 697 698 702 703 704 
700,1.4: 660 695 696 697 698 701 702 703 704 705 
701,1.4: 42 696 697 698 700 702 703 704 705 938 
702,1.3: 58 697 698 699 700 701 703 704 707 
703,1.5: 0 698 699 700 701 702 704 705 706 707 708 769 
704,1.4: 699 700 701 702 703 705 706 707 708 709 
705,1.3: 219 700 701 703 704 706 707 708 710 
706,1.4: 7 568 703 704 705 707 708 709 710 711 
707,1.4: 526 702 703 704 705 706 708 709 711 712 
708,1.3: 703 704 705 706 707 710 711 712 713 
709,1.3: 30 704 706 707 710 711 712 713 714 
710,1.3: 130 705 706 708 709 711 713 714 715 
711,1.3: 361 706 707 708 709 710 713 715 716 
712,1.3: 429 707 708 709 713 714 715 717 968 
713,1.4: 708 709 710 711 712 714 715 716 717 718 
714,1.3: 709 710 712 713 715 716 717 718 719 
715,1.4: 710 711 712 713 714 716 718 719 720 859 
716,1.3: 711 713 714 715 717 718 719 720 721 
717,1.3: 712 713 714 716 718 719 720 721 722 
718,1.4: 602 713 714 715 716 717 720 721 722 723 
719,1.4: 608 714 715 716 717 720 721 722 723 724 
720,1.4: 715 716 717 718 719 721 722 723 724 725 
721,1.4: 716 717 718 719 720 722 723 724 725 726 
722,1.4: 717 718 719 720 721 724 725 726 727 747 
723,1.5: 718 719 720 721 724 725 726 727 728 838 868 871 
724,1.3: 719 720 721 722 723 725 726 727 728 
725,1.5: 54 592 720 721 722 723 724 726 727 729 730 929 
726,1.4: 721 722 723 724 725 727 728 729 730 731 
727,1.4: 722 723 724 725 726 728 729 730 731 771 
728,1.3: 723 724 726 727 730 731 732 733 
729,1.4: 184 214 725 726 727 730 731 732 733 734 
730,1.4: 725 726 727 728 729 731 732 733 734 735 944 
731,1.4: 443 650 726 727 728 729 730 732 734 735 736 
732,1.3: 728 729 730 731 733 734 735 736 737 
733,1.4: 103 139 728 729 730 732 734 735 736 737 738 
734,1.4: 72 729 730 731 732 733 735 736 737 738 739 
735,1.4: 730 731 732 733 734 736 737 738 739 740 900 
736,1.4: 731 732 733 734 735 737 738 739 740 741 
737,1.2: 732 733 734 735 736 740 741 
738,1.4: 242 345 733 734 735 736 739 740 741 742 
739,1.4: 734 735 736 738 740 741 742 743 744 758 
740,1.4: 401 518 735 736 737 738 739 741 742 744 745 
741,1.4: 532 736 737 738 739 740 742 743 744 745 746 
742,1.4: 738 739 740 741 743 744 746 747 935 991 
743,1.3: 739 741 742 745 746 747 748 918 971 
744,1.3: 739 740 741 742 745 746 747 749 
745,1.3: 149 740 741 743 744 746 748 749 750 
746,1.4: 741 742 743 744 745 747 748 749 750 751 
747,1.4: 722 742 743 744 746 748 749 750 751 752 
748,1.4: 743 745 746 747 749 750 751 752 753 998 
749,1.4: 631 744 745 746 747 748 750 751 752 753 754 
750,1.4: 90 745 746 747 748 749 751 752 753 754 755 
751,1.4: 746 747 748 749 750 752 753 754 755 756 794 
752,1.3: 747 748 749 750 751 753 755 756 757 
753,1.4: 748 749 750 751 752 754 755 756 757 758 
754,1.4: 39 749 750 751 753 755 756 757 758 759 
755,1.4: 750 751 752 753 754 756 757 758 759 760 
756,1.4: 21 751 752 753 754 755 757 758 759 760 761 
757,1.4: 254 752 753 754 755 756 758 759 760 761 
758,1.5: 684 739 753 754 755 756 757 759 760 762 763 993 
759,1.5: 110 689 754 755 756 757 758 760 762 763 764 813 
760,1.4: 668 755 756 757 758 759 761 762 763 764 765 
761,1.3: 146 225 756 757 760 762 763 765 766 
762,1.3: 293 758 759 760 761 763 764 765 766 
763,1.4: 598 758 759 760 761 762 764 765 766 767 768 
764,1.3: 759 760 762 763 765 766 767 768 769 
765,1.4: 100 760 761 762 763 764 766 767 768 769 770 
766,1.4: 434 635 761 762 763 764 765 767 768 769 771 
767,1.3: 763 764 765 766 768 769 770 771 883 
768,1.4: 373 763 764 765 766 767 770 771 772 773 
769,1.4: 64 703 764 765 766 767 771 773 774 971 
770,1.3: 765 767 768 771 772 773 774 775 837 
771,1.4: 727 766 767 768 769 770 772 773 774 775 776 
772,1.4: 113 424 768 770 771 773 774 775 776 994 
773,1.4: 768 769 770 771 772 774 775 776 777 778 
774,1.4: 769 770 771 772 773 775 776 777 778 779 
775,1.4: 770 771 772 773 774 776 777 778 779 780 
776,1.4: 207 573 771 772 773 774 775 777 778 780 781 
777,1.3: 773 774 775 776 778 779 780 781 782 
778,1.4: 360 773 774 775 776 777 779 780 781 782 783 
779,1.2: 774 775 777 778 781 783 784 
780,1.4: 224 400 775 776 777 778 781 782 783 784 
781,1.4: 776 777 778 779 780 783 784 785 786 817 
782,1.3: 777 778 780 783 784 785 786 787 909 
783,1.3: 778 779 780 781 782 784 786 787 788 
784,1.4: 779 780 781 782 783 785 786 787 788 789 
785,1.3: 575 781 782 784 786 787 788 789 790 
786,1.5: 212 392 781 782 783 784 785 787 788 789 790 791 926 
787,1.4: 782 783 784 785 786 788 789 790 791 792 
788,1.4: 164 783 784 785 786 787 789 790 792 793 
789,1.4: 653 784 785 786 787 788 790 791 792 793 794 
790,1.4: 785 786 787 788 789 791 792 793 794 795 
791,1.3: 377 786 787 789 790 792 793 794 796 
792,1.4: 787 788 789 790 791 793 794 795 796 797 
793,1.4: 788 789 790 791 792 794 795 796 797 798 
794,1.4: 751 789 790 791 792 793 795 796 799 818 
795,1.4: 389 679 790 792 793 794 796 797 798 799 800 
796,1.4: 462 688 791 792 793 794 795 798 799 800 
797,1.4: 351 359 792 793 795 798 799 800 801 802 
798,1.3: 793 795 796 797 799 800 801 802 803 
799,1.4: 794 795 796 797 798 800 801 802 803 804 
800,1.4: 274 479 795 796 797 798 799 801 802 804 960 
801,1.4: 797 798 799 800 802 804 805 806 874 937 
802,1.4: 797 798 799 800 801 803 804 805 806 807 
803,1.4: 202 377 448 798 799 802 804 805 807 808 967 
804,1.5: 203 395 799 800 801 802 803 805 806 807 808 809 
805,1.3: 801 802 803 804 806 807 808 809 810 
806,1.4: 516 801 802 804 805 807 808 809 810 811 
807,1.4: 802 803 804 805 806 808 809 810 811 812 
808,1.4: 803 804 805 806 807 809 810 811 812 813 
809,1.4: 804 805 806 807 808 810 811 812 813 814 
810,1.4: 805 806 807 808 809 811 812 813 814 815 
811,1.4: 806 807 808 809 810 812 813 814 815 816 
812,1.4: 535 807 808 809 810 811 813 814 815 816 817 
813,1.5: 759 808 809 810 811 812 814 815 816 817 818 874 
814,1.4: 71 809 810 811 812 813 815 816 817 818 819 
815,1.4: 51 810 811 812 813 814 816 817 818 819 820 
816,1.4: 811 812 813 814 815 817 818 819 820 821 
817,1.5: 274 546 781 812 813 814 815 816 818 819 820 821 822 
818,1.5: 130 283 794 813 814 815 816 817 819 820 821 822 823 
819,1.4: 814 815 816 817 818 820 821 822 823 824 
820,1.3: 815 816 817 818 819 821 824 825 
821,1.5: 141 216 551 691 816 817 818 819 820 822 823 824 825 
822,1.4: 551 817 818 819 821 823 824 825 826 827 961 
823,1.4: 196 500 818 819 821 822 824 825 826 828 
824,1.3: 819 820 821 822 823 825 826 827 828 
825,1.4: 820 821 822 823 824 826 827 828 829 830 
826,1.3: 822 823 824 825 827 828 829 831 
827,1.4: 651 822 824 825 826 828 829 830 831 832 
828,1.4: 823 824 825 826 827 829 831 832 833 924 
829,1.4: 96 825 826 827 828 830 831 832 833 834 
830,1.3: 249 502 825 827 829 831 832 834 835 
831,1.4: 826 827 828 829 830 832 833 834 835 836 861 
832,1.5: 176 323 501 827 828 829 830 831 833 834 835 836 
833,1.3: 828 829 831 832 834 835 836 837 838 
834,1.4: 829 830 831 832 833 835 836 837 838 964 
835,1.4: 612 830 831 832 833 834 836 837 838 839 840 
836,1.4: 831 832 833 834 835 837 838 839 840 841 
837,1.4: 770 833 834 835 836 838 839 840 841 842 
838,1.5: 723 833 834 835 836 837 839 840 841 842 843 933 
839,1.3: 480 835 836 837 838 841 842 843 844 
840,1.4: 242 835 836 837 838 841 842 843 844 845 
841,1.4: 836 837 838 839 840 842 843 844 845 846 
842,1.4: 470 837 838 839 840 841 843 844 845 846 847 
843,1.4: 476 838 839 840 841 842 844 846 847 848 
844,1.4: 248 839 840 841 842 843 845 846 847 848 849 
845,1.4: 840 841 842 844 846 847 848 848 849 850 
846,1.4: 513 841 842 843 844 845 847 848 849 850 851 
847,1.4: 842 843 844 845 846 848 849 850 851 852 
848,1.4: 843 844 845 845 846 847 849 850 851 852 853 
849,1.3: 844 845 846 847 848 851 852 853 887 
850,1.4: 569 845 846 847 848 851 852 853 854 855 
851,1.4: 7 846 847 848 849 850 852 853 855 856 
852,1.4: 379 847 848 849 850 851 853 854 855 856 857 
853,1.4: 848 849 850 851 852 854 855 856 857 858 
854,1.3: 254 257 850 852 853 855 856 858 859 
855,1.3: 850 851 852 853 854 856 858 859 860 
856,1.4: 339 851 852 853 854 855 857 858 859 860 861 
857,1.3: 32 533 852 853 856 858 859 860 862 
858,1.3: 853 854 855 856 857 859 861 862 863 
859,1.4: 715 854 855 856 857 858 860 861 862 863 864 
860,1.4: 69 855 856 857 859 861 862 863 864 865 
861,1.4: 262 831 856 858 859 860 862 863 864 865 
862,1.3: 857 858 859 860 861 864 865 866 867 
863,1.4: 233 858 859 860 861 864 865 866 867 868 
864,1.4: 859 860 861 862 863 865 866 867 868 869 
865,1.3: 860 861 862 863 864 866 868 869 870 
866,1.3: 530 570 862 863 864 865 868 869 
867,1.3: 85 862 863 864 868 869 870 872 
868,1.4: 723 863 864 865 866 867 869 870 871 873 
869,1.3: 864 865 866 867 868 870 872 873 874 
870,1.3: 865 867 868 869 871 872 873 875 
871,1.4: 135 183 511 723 868 870 872 873 874 875 876 
872,1.3: 867 869 870 871 873 874 875 876 877 
873,1.4: 304 868 869 870 871 872 874 875 876 877 878 
874,1.4: 801 813 869 871 872 873 875 876 877 879 
875,1.4: 870 871 872 873 874 877 878 879 880 880 
876,1.3: 77 871 872 873 874 877 878 879 881 
877,1.4: 574 872 873 874 875 876 878 879 880 881 
878,1.3: 873 875 876 877 879 880 881 882 883 
879,1.4: 151 874 875 876 877 878 880 881 883 884 
880,1.4: 182 875 875 877 878 879 881 882 883 884 
881,1.4: 876 877 878 879 880 882 883 884 885 886 
882,1.3: 878 880 881 883 884 885 886 887 
883,1.4: 767 878 879 880 881 882 884 885 886 888 
884,1.4: 461 879 880 881 882 883 885 886 887 888 
885,1.3: 881 882 883 884 886 887 888 889 890 
886,1.4: 881 882 883 884 885 887 888 889 890 891 
887,1.4: 849 882 884 885 886 888 889 890 891 892 
888,1.4: 405 883 884 885 886 887 889 890 891 892 893 
889,1.3: 885 886 887 888 890 891 892 893 894 
890,1.4: 540 885 886 887 888 889 891 892 893 894 895 
891,1.4: 76 667 886 887 888 889 890 892 893 894 896 
892,1.4: 230 887 888 889 890 891 893 894 895 896 897 
893,1.4: 888 889 890 891 892 894 895 896 897 898 
894,1.3: 889 890 891 892 893 895 896 897 899 
895,1.3: 890 892 893 894 896 897 898 899 900 
896,1.4: 891 892 893 894 895 897 898 899 900 901 
897,1.5: 624 892 893 894 895 896 898 899 900 901 902 976 
898,1.4: 107 654 893 895 896 897 899 901 902 903 
899,1.4: 52 894 895 896 897 898 900 901 902 903 904 
900,1.4: 735 895 896 897 899 901 902 903 904 905 
901,1.4: 383 896 897 898 899 900 902 903 904 905 906 
902,1.4: 897 898 899 900 901 903 904 905 906 907 
903,1.3: 898 899 900 901 902 904 905 906 907 
904,1.4: 899 900 901 902 903 905 906 907 908 909 
905,1.4: 900 901 902 903 904 906 907 908 909 910 
906,1.4: 300 901 902 903 904 905 907 908 910 911 
907,1.4: 20 902 903 904 905 906 908 909 910 911 912 
908,1.4: 547 904 905 906 907 910 911 912 913 940 
909,1.3: 782 904 905 907 910 911 912 913 914 
910,1.4: 905 906 907 908 909 911 912 913 914 915 
911,1.4: 661 906 907 908 909 910 912 913 914 915 916 
912,1.4: 907 908 909 910 911 913 914 915 916 917 
913,1.4: 908 909 910 911 912 914 915 916 917 918 
914,1.4: 909 910 911 912 913 915 916 917 918 919 
915,1.4: 338 910 911 912 913 914 916 918 919 920 
916,1.4: 911 912 913 914 915 917 918 919 920 921 
917,1.4: 912 913 914 916 918 919 920 921 922 947 
918,1.4: 743 913 914 915 916 917 920 921 922 923 
919,1.5: 49 542 914 915 916 917 920 921 922 923 924 954 
920,1.3: 915 916 917 918 919 921 922 923 924 
921,1.4: 916 917 918 919 920 922 923 924 925 926 
922,1.4: 917 918 919 920 921 923 924 925 926 927 
923,1.4: 918 919 920 921 922 924 925 926 927 928 
924,1.4: 546 828 919 920 921 922 923 925 927 928 929 
925,1.4: 283 921 922 923 924 926 927 928 929 930 960 
926,1.3: 786 921 922 923 925 927 928 930 931 
927,1.3: 922 923 924 925 926 929 930 931 932 
928,1.3: 575 923 924 925 926 930 931 932 
929,1.3: 725 924 925 927 930 931 932 934 
930,1.4: 247 925 926 927 928 929 931 932 933 934 935 
931,1.4: 417 926 927 928 929 930 932 934 935 936 
932,1.4: 245 927 928 929 930 931 933 934 935 936 937 
933,1.4: 335 575 604 838 930 932 934 935 936 937 938 
934,1.4: 929 930 931 932 933 935 936 937 938 939 
935,1.4: 742 930 931 932 933 934 936 938 939 940 
936,1.4: 931 932 933 934 935 937 938 939 940 941 
937,1.5: 152 367 801 932 933 934 936 938 939 940 941 942 
938,1.4: 701 933 934 935 936 937 940 941 942 943 994 
939,1.3: 934 935 936 937 940 941 942 943 944 
940,1.4: 908 935 936 937 938 939 941 942 943 944 945 
941,1.4: 936 937 938 939 940 942 943 944 945 946 
942,1.4: 937 938 939 940 941 943 944 945 946 947 
943,1.5: 416 938 939 940 941 942 944 945 946 947 948 996 
944,1.4: 730 939 940 941 942 943 945 946 947 948 949 
945,1.3: 940 941 942 943 944 946 947 949 950 
946,1.4: 941 942 943 944 945 947 948 949 950 951 
947,1.4: 515 917 942 943 944 945 946 950 951 952 
948,1.4: 167 176 228 943 944 946 950 951 952 953 
949,1.3: 84 672 944 945 946 951 952 953 954 
950,1.3: 237 945 946 947 948 951 952 953 955 
951,1.4: 41 78 195 946 947 948 949 950 953 954 955 
952,1.5: 176 484 641 947 948 949 950 953 954 955 956 957 
953,1.3: 248 948 949 950 951 952 956 957 958 
954,1.3: 650 919 949 951 952 956 957 959 
955,1.3: 415 950 951 952 956 957 958 959 960 
956,1.3: 2 146 952 953 954 955 957 959 961 
957,1.4: 133 952 953 954 955 956 958 959 960 961 962 
958,1.3: 273 953 955 957 959 960 961 962 963 
959,1.3: 567 621 954 955 956 957 958 962 964 
960,1.4: 598 800 925 955 957 958 961 963 964 965 
961,1.4: 822 956 957 958 960 962 963 964 965 966 
962,1.3: 957 958 959 961 963 964 965 966 
963,1.4: 122 958 960 961 962 964 965 966 967 968 
964,1.4: 194 834 959 960 961 962 963 965 966 968 969 
965,1.4: 960 961 962 963 964 966 967 968 969 970 
966,1.4: 961 962 963 964 965 967 968 969 970 971 
967,1.4: 552 696 803 963 965 966 969 970 971 972 
968,1.4: 712 963 964 965 966 969 970 971 972 973 
969,1.4: 306 537 964 965 966 967 968 971 972 973 974 
970,1.3: 965 966 967 968 971 972 973 974 975 
971,1.4: 743 769 966 967 968 969 970 972 973 974 975 
972,1.4: 967 968 969 970 971 973 974 975 976 977 
973,1.4: 968 969 970 971 972 974 975 976 977 978 993 
974,1.3: 969 970 971 972 973 975 977 978 979 
975,1.3: 46 970 971 972 973 974 977 979 980 
976,1.3: 356 897 972 973 978 979 980 981 
977,1.4: 127 972 973 974 975 978 979 980 981 982 
978,1.3: 973 974 976 977 979 980 981 982 983 
979,1.4: 974 975 976 977 978 980 981 982 983 984 986 
980,1.3: 679 975 976 977 978 979 982 983 985 
981,1.3: 976 977 978 979 982 983 984 985 986 
982,1.4: 619 977 978 979 980 981 983 985 986 987 
983,1.4: 978 979 980 981 982 984 985 986 987 988 
984,1.3: 384 601 979 981 983 985 986 988 989 
985,1.4: 307 382 623 980 981 982 983 984 986 987 990 
986,1.4: 979 981 982 983 984 985 987 988 989 990 
987,1.4: 122 982 983 985 986 988 989 990 991 992 
988,1.3: 983 984 986 987 989 990 991 992 
989,1.4: 345 984 986 987 988 990 991 992 993 994 
990,1.4: 985 986 987 988 989 991 992 993 994 995 
991,1.4: 742 987 988 989 990 992 993 994 995 996 
992,1.4: 987 988 989 990 991 993 994 995 996 997 
993,1.5: 65 401 758 973 989 990 991 992 994 995 996 997 
994,1.4: 277 772 938 989 990 991 992 993 996 997 999 
995,1.3: 0 280 990 991 992 993 996 997 998 
996,1.3: 0 943 991 992 993 994 995 998 999 
997,1.4: 0 1 2 399 521 992 993 994 995 998 999 
998,1.4: 0 1 2 3 384 748 995 996 997 999 
999,1.3: 1 2 3 4 380 994 996 997 998 
