1500 
0,1.1: 1 2 3 1497 1498 1499 
1,1.3: 0 2 3 4 793 1016 1498 1499 
2,1.1: 0 1 3 5 348 1499 
3,1.1: 0 1 2 4 5 6 
4,1.1: 1 3 5 6 7 489 
5,1.1: 2 3 4 6 7 8 
6,1.1: 3 4 5 7 8 9 
7,1.1: 4 5 6 8 9 10 
8,1.1: 5 6 7 9 10 11 
9,1.2: 6 7 8 10 11 12 1423 
10,1.1: 7 8 9 11 12 13 
11,1.2: 8 9 10 12 13 14 201 
12,1.1: 9 10 11 13 14 15 
13,1.1: 10 11 12 14 15 16 
14,1.1: 11 12 13 15 16 17 
15,1.1: 12 13 14 16 17 18 
16,1.1: 13 14 15 17 18 19 
17,1.1: 14 15 16 18 20 
18,1.1: 15 16 17 19 20 21 
19,1.1: 16 18 20 21 22 526 
20,1.2: 17 18 19 21 22 23 1174 
21,1.1: 18 19 20 22 23 24 
22,1.1: 19 20 21 23 24 25 
23,1.1: 20 21 22 25 228 1427 
24,1.1: 21 22 25 26 27 
25,1.2: 22 23 24 26 27 28 213 
26,1.1: 24 25 27 28 29 986 
27,1.1: 24 25 26 28 29 30 
28,1.1: 25 26 27 29 30 31 
29,1.1: 26 27 28 30 31 32 
30,1.1: 27 28 29 31 32 33 
31,1.2: 28 29 30 32 33 34 824 
32,1.1: 29 30 31 33 34 35 
33,1.2: 30 31 32 34 35 36 612 
34,1.2: 31 32 33 35 36 37 765 
35,1.1: 32 33 34 36 37 38 
36,1.1: 33 34 35 37 38 39 
37,1.1: 34 35 36 38 39 40 
38,1.1: 35 36 37 39 957 1219 
39,1.1: 36 37 38 40 41 42 
40,1.1: 37 39 41 42 43 720 
41,1.1: 39 40 42 43 44 225 
42,1.1: 39 40 41 43 44 1227 
43,1.1: 40 41 42 44 45 46 
44,1.1: 41 42 43 45 47 122 
45,0.9: 43 44 46 48 
46,1.1: 43 45 47 48 49 
47,1.1: 44 46 48 49 50 950 
48,1.1: 45 46 47 49 50 51 
49,1.1: 46 47 48 50 51 52 
50,1.1: 47 48 49 51 52 53 
51,1.1: 48 49 50 52 53 54 
52,1.1: 49 50 51 54 55 415 
53,1.1: 50 51 54 55 56 
54,1.1: 51 52 53 55 56 57 
55,1.1: 52 53 54 56 57 58 
56,1.1: 53 54 55 57 58 59 
57,1.1: 54 55 56 58 60 1376 
58,1.1: 55 56 57 59 60 61 
59,1.1: 56 58 60 61 62 
60,1.1: 57 58 59 61 63 1067 
61,1.1: 58 59 60 62 63 64 
62,1.1: 59 61 63 64 65 1171 
63,1.2: 60 61 62 64 65 66 1027 
64,1.1: 61 62 63 65 66 67 
65,1.1: 62 63 64 66 67 68 
66,1.1: 63 64 65 67 68 69 
67,1.2: 64 65 66 68 69 70 1209 
68,1.1: 65 66 67 69 70 71 
69,1.1: 66 67 68 70 71 72 
70,1.1: 67 68 69 71 72 73 
71,1.1: 68 69 70 72 73 74 
72,1.1: 69 70 71 73 74 75 
73,1.1: 70 71 72 74 75 76 
74,1.2: 71 72 73 75 76 77 521 
75,1.1: 72 73 74 76 77 78 
76,1.1: 73 74 75 77 78 79 
77,1.1: 74 75 76 78 79 80 
78,1.2: 75 76 77 79 80 81 1215 
79,1.1: 76 77 78 80 81 82 
80,1.1: 77 78 79 81 82 83 
81,1.1: 78 79 80 82 83 84 
82,1.1: 79 80 81 83 84 85 
83,1.1: 80 81 82 84 85 86 
84,1.1: 81 82 83 85 86 87 
85,1.1: 82 83 84 86 87 88 
86,1.1: 83 84 85 87 88 
87,1.1: 84 85 86 88 89 90 
88,1.1: 85 86 87 89 90 91 
89,1.1: 87 88 90 91 92 339 
90,1.1: 87 88 89 91 92 93 
91,1.1: 88 89 90 92 93 94 
92,1.1: 89 90 91 94 95 1214 
93,1.1: 90 91 94 95 96 
94,1.1: 91 92 93 95 96 97 
95,1.1: 92 93 94 96 97 98 
96,1.1: 93 94 95 97 98 99 
97,1.1: 94 95 96 98 99 100 
98,1.1: 95 96 97 99 100 101 
99,1.2: 96 97 98 100 101 290 829 
100,1.1: 97 98 99 101 102 103 
101,1.2: 98 99 100 102 103 104 1224 
102,1.1: 100 101 103 104 105 464 
103,1.1: 100 101 102 104 106 
104,1.1: 101 102 103 105 106 107 
105,1.2: 102 104 106 107 108 1163 1277 
106,1.1: 103 104 105 107 108 109 
107,1.2: 104 105 106 108 109 110 1117 
108,1.2: 105 106 107 109 110 111 983 
109,1.1: 106 107 108 110 111 112 
110,1.1: 107 108 109 111 112 113 
111,1.1: 108 109 110 112 113 114 
112,1.1: 109 110 111 113 114 115 
113,1.1: 110 111 112 114 115 116 
114,1.2: 111 112 113 115 117 637 1368 
115,1.1: 112 113 114 116 117 118 
116,1.1: 113 115 117 118 119 
117,1.1: 114 115 116 119 120 
118,1.1: 115 116 119 120 121 323 
119,1.1: 116 117 118 120 121 122 
120,1.1: 117 118 119 121 122 123 
121,1.1: 118 119 120 122 123 124 
122,1.2: 44 119 120 121 123 124 125 
123,1.2: 120 121 122 124 637 1199 1326 
124,1.2: 121 122 123 125 126 127 673 
125,1.1: 122 124 126 127 128 
126,0.9: 124 125 127 128 
127,1.3: 124 125 126 128 129 130 215 1306 
128,1.1: 125 126 127 129 130 131 
129,1.1: 127 128 130 131 132 950 
130,1.1: 127 128 129 131 133 443 
131,1.1: 128 129 130 132 133 134 
132,1.1: 129 131 134 135 427 
133,1.1: 130 131 134 135 136 
134,1.1: 131 132 133 135 136 137 
135,1.1: 132 133 134 136 137 138 
136,1.2: 133 134 135 137 138 139 268 
137,1.1: 134 135 136 138 139 140 
138,1.2: 135 136 137 139 140 141 988 
139,1.1: 136 137 138 140 141 142 
140,1.1: 137 138 139 141 142 143 
141,1.1: 138 139 140 142 143 144 
142,1.1: 139 140 141 143 144 145 
143,1.1: 140 141 142 144 145 146 
144,1.1: 141 142 143 145 146 147 
145,1.1: 142 143 144 146 147 148 
146,1.1: 143 144 145 147 148 149 
147,1.1: 144 145 146 148 149 150 
148,1.1: 145 146 147 149 150 151 
149,1.1: 146 147 148 150 151 152 
150,1.1: 147 148 149 151 152 153 
151,1.1: 148 149 150 152 153 154 
152,1.1: 149 150 151 153 154 155 
153,1.2: 150 151 152 154 155 675 1099 
154,1.1: 151 152 153 155 156 157 
155,1.1: 152 153 154 156 157 158 
156,1.1: 154 155 157 158 159 1017 
157,1.1: 154 155 156 159 160 
158,1.2: 155 156 159 160 161 408 1350 
159,1.1: 156 157 158 160 161 162 
160,1.2: 157 158 159 161 162 163 208 
161,1.1: 158 159 160 162 163 164 
162,1.1: 159 160 161 163 164 165 
163,1.1: 160 161 162 166 177 1001 
164,1.1: 161 162 165 166 167 
165,1.1: 162 164 166 167 168 
166,1.1: 163 164 165 168 169 
167,1.1: 164 165 168 169 170 469 
168,1.1: 165 166 167 169 170 171 
169,1.1: 166 167 168 170 171 172 
170,1.2: 167 168 169 171 172 173 528 
171,1.2: 168 169 170 172 173 174 1294 
172,1.1: 169 170 171 174 175 1253 
173,1.1: 170 171 174 175 176 763 
174,1.3: 171 172 173 175 177 997 1298 1442 
175,1.1: 172 173 174 176 177 178 
176,1.1: 173 175 178 179 826 
177,1.2: 163 174 175 178 179 180 948 
178,1.1: 175 176 177 179 181 1088 
179,1.1: 176 177 178 180 181 182 
180,1.1: 177 179 181 182 183 
181,1.1: 178 179 180 182 183 184 
182,1.2: 179 180 181 183 184 185 1066 
183,1.1: 180 181 182 184 185 186 
184,1.1: 181 182 183 185 186 187 
185,1.1: 182 183 184 187 188 971 
186,1.1: 183 184 187 188 189 346 
187,1.2: 184 185 186 188 189 190 385 
188,1.1: 185 186 187 189 190 191 
189,1.1: 186 187 188 191 192 1034 
190,1.1: 187 188 191 192 193 
191,1.1: 188 189 190 192 193 194 
192,1.1: 189 190 191 193 194 
193,1.1: 190 191 192 194 195 196 
194,1.1: 191 192 193 195 196 197 
195,1.1: 193 194 196 197 198 244 
196,1.1: 193 194 195 197 198 199 
197,1.1: 194 195 196 199 200 341 
198,1.1: 195 196 199 200 201 
199,1.2: 196 197 198 200 201 202 362 
200,1.1: 197 198 199 201 202 203 
201,1.1: 11 198 199 200 202 204 
202,1.1: 199 200 201 203 204 205 
203,1.1: 200 202 204 205 206 
204,1.1: 201 202 203 205 206 207 
205,1.1: 202 203 204 206 207 208 
206,1.1: 203 204 205 207 208 209 
207,1.1: 204 205 206 208 209 210 
208,1.1: 160 205 206 207 210 211 
209,1.1: 206 207 210 211 212 
210,1.1: 207 208 209 212 327 
211,1.1: 208 209 212 213 214 
212,1.1: 209 210 211 213 214 215 
213,0.9: 25 211 212 216 
214,1.1: 211 212 216 583 1270 
215,1.1: 127 212 216 217 218 637 
216,1.1: 213 214 215 217 218 219 
217,1.1: 215 216 218 219 220 
218,1.1: 215 216 217 219 220 221 
219,1.1: 216 217 218 220 221 222 
220,1.1: 217 218 219 221 222 223 
221,1.1: 218 219 220 222 223 224 
222,1.2: 219 220 221 223 224 225 663 
223,1.2: 220 221 222 224 225 226 595 
224,1.1: 221 222 223 225 226 227 
225,1.2: 41 222 223 224 226 227 228 
226,1.1: 223 224 225 227 228 229 
227,1.3: 224 225 226 228 229 230 793 1276 
228,1.1: 23 225 226 227 229 231 
229,1.1: 226 227 228 230 231 232 
230,1.1: 227 229 231 232 233 
231,1.1: 228 229 230 232 233 234 
232,1.2: 229 230 231 233 234 235 1007 
233,1.2: 230 231 232 234 235 236 922 
234,1.2: 231 232 233 235 236 237 285 
235,1.1: 232 233 234 236 237 238 
236,1.1: 233 234 235 238 239 1436 
237,1.1: 234 235 238 239 240 398 
238,1.1: 235 236 237 239 240 241 
239,1.1: 236 237 238 240 241 242 
240,1.1: 237 238 239 241 242 243 
241,1.1: 238 239 240 243 244 1160 
242,1.1: 239 240 243 244 1154 
243,1.1: 240 241 242 244 245 
244,1.2: 195 241 242 243 245 246 247 
245,1.1: 243 244 246 247 248 
246,1.1: 244 245 247 248 249 915 
247,1.1: 244 245 246 248 250 
248,1.1: 245 246 247 249 250 251 
249,1.1: 246 248 251 252 841 
250,1.1: 247 248 251 252 253 1206 
251,1.1: 248 249 250 252 253 254 
252,1.1: 249 250 251 253 254 255 
253,1.1: 250 251 252 254 255 256 
254,1.1: 251 252 253 255 256 257 
255,1.1: 252 253 254 256 257 258 
256,1.1: 253 254 255 257 258 259 
257,1.1: 254 255 256 258 259 903 
258,1.1: 255 256 257 259 260 261 
259,1.1: 256 257 258 261 262 1059 
260,1.1: 258 261 262 263 359 
261,1.1: 258 259 260 262 263 264 
262,1.1: 259 260 261 263 264 265 
263,1.1: 260 261 262 264 265 266 
264,1.2: 261 262 263 265 266 267 297 
265,1.1: 262 263 264 266 267 268 
266,1.1: 263 264 265 267 268 269 
267,1.1: 264 265 266 268 269 270 
268,1.1: 136 265 266 267 269 271 
269,1.1: 266 267 268 270 271 272 
270,1.1: 267 269 271 272 273 
271,1.1: 268 269 270 272 273 274 
272,1.1: 269 270 271 273 274 275 
273,1.1: 270 271 272 274 275 276 
274,1.1: 271 272 273 275 276 277 
275,1.1: 272 273 274 276 277 278 
276,1.1: 273 274 275 277 278 279 
277,1.1: 274 275 276 278 280 1097 
278,1.1: 275 276 277 279 280 281 
279,1.1: 276 278 280 281 282 
280,1.1: 277 278 279 281 282 283 
281,1.1: 278 279 280 282 283 284 
282,1.1: 279 280 281 283 284 285 
283,1.1: 280 281 282 284 285 286 
284,1.1: 281 282 283 286 287 
285,1.1: 234 282 283 286 287 288 
286,1.1: 283 284 285 287 288 289 
287,1.1: 284 285 286 288 289 290 
288,1.1: 285 286 287 289 290 291 
289,1.1: 286 287 288 290 291 292 
290,1.2: 99 287 288 289 291 292 293 
291,1.1: 288 289 290 292 293 294 
292,1.1: 289 290 291 293 294 295 
293,1.1: 290 291 292 294 295 296 
294,1.1: 291 292 293 295 296 297 
295,1.1: 292 293 294 296 1203 
296,1.1: 293 294 295 297 298 299 
297,1.1: 264 294 296 298 299 300 
298,0.9: 296 297 299 919 
299,1.1: 296 297 298 300 301 302 
300,1.1: 297 299 301 302 303 
301,1.1: 299 300 302 303 304 1178 
302,1.1: 299 300 301 304 305 
303,1.1: 300 301 304 305 306 794 
304,1.1: 301 302 303 305 306 307 
305,1.1: 302 303 304 306 307 308 
306,1.1: 303 304 305 307 308 309 
307,1.1: 304 305 306 309 310 
308,1.1: 305 306 309 310 311 391 
309,1.1: 306 307 308 310 311 312 
310,1.1: 307 308 309 311 312 313 
311,1.1: 308 309 310 312 313 314 
312,1.1: 309 310 311 313 314 315 
313,1.1: 310 311 312 314 315 316 
314,1.2: 311 312 313 315 316 317 522 
315,1.1: 312 313 314 316 317 318 
316,1.2: 313 314 315 317 318 319 532 
317,1.1: 314 315 316 318 319 320 
318,1.1: 315 316 317 319 320 321 
319,1.1: 316 317 318 320 321 322 
320,1.1: 317 318 319 321 322 323 
321,1.1: 318 319 320 322 323 324 
322,1.1: 319 320 321 323 324 325 
323,1.2: 118 320 321 322 324 325 326 
324,1.1: 321 322 323 325 326 327 
325,1.2: 322 323 324 326 327 328 1293 
326,1.1: 323 324 325 327 328 329 
327,1.2: 210 324 325 326 328 329 330 
328,1.1: 325 326 327 329 330 331 
329,1.2: 326 327 328 330 331 332 1232 
330,1.1: 327 328 329 331 332 333 
331,1.1: 328 329 330 332 333 334 
332,1.1: 329 330 331 333 334 335 
333,1.2: 330 331 332 334 335 336 644 
334,1.1: 331 332 333 335 336 810 
335,1.1: 332 333 334 336 337 338 
336,0.9: 333 334 335 337 
337,1.1: 335 336 338 339 340 
338,1.1: 335 337 339 340 341 940 
339,1.2: 89 337 338 340 341 342 477 
340,1.1: 337 338 339 341 342 343 
341,1.3: 197 338 339 340 342 343 344 618 
342,1.1: 339 340 341 343 344 345 
343,1.1: 340 341 342 344 346 
344,1.2: 341 342 343 345 346 347 986 
345,1.1: 342 344 346 347 348 1171 
346,1.2: 186 343 344 345 347 348 349 
347,1.1: 344 345 346 348 349 350 
348,1.3: 2 345 346 347 349 350 351 1210 
349,1.1: 346 347 348 350 351 352 
350,1.1: 347 348 349 351 352 353 
351,1.2: 348 349 350 352 353 354 1082 
352,1.1: 349 350 351 353 354 355 
353,1.1: 350 351 352 354 355 356 
354,1.1: 351 352 353 355 356 357 
355,1.1: 352 353 354 356 357 
356,1.1: 353 354 355 357 358 359 
357,1.2: 354 355 356 358 359 360 635 
358,1.1: 356 357 359 360 361 966 
359,1.1: 260 356 357 358 361 362 
360,1.1: 357 358 361 362 815 
361,1.1: 358 359 360 363 364 
362,1.1: 199 359 360 363 364 365 
363,1.1: 361 362 364 365 366 840 
364,1.1: 361 362 363 365 366 367 
365,1.1: 362 363 364 366 367 368 
366,1.1: 363 364 365 367 368 369 
367,1.1: 364 365 366 368 369 370 
368,1.1: 365 366 367 369 370 371 
369,1.2: 366 367 368 370 371 372 844 
370,1.1: 367 368 369 371 372 373 
371,1.1: 368 369 370 372 374 905 
372,1.1: 369 370 371 373 374 375 
373,1.1: 370 372 374 375 376 
374,1.1: 371 372 373 375 376 
375,1.1: 372 373 374 376 377 378 
376,1.2: 373 374 375 377 378 379 889 
377,1.1: 375 376 378 379 380 975 
378,1.1: 375 376 377 379 380 381 
379,1.1: 376 377 378 380 381 382 
380,1.1: 377 378 379 382 383 
381,1.1: 378 379 382 383 384 596 
382,1.1: 379 380 381 383 384 385 
383,1.1: 380 381 382 384 385 386 
384,1.1: 381 382 383 386 387 
385,1.1: 187 382 383 386 387 388 
386,1.1: 383 384 385 387 388 389 
387,1.1: 384 385 386 389 390 597 
388,1.1: 385 386 389 390 391 628 
389,1.1: 386 387 388 390 391 392 
390,1.1: 387 388 389 391 392 393 
391,1.2: 308 388 389 390 392 393 394 
392,1.1: 389 390 391 393 394 395 
393,1.1: 390 391 392 394 395 427 
394,1.1: 391 392 393 395 396 397 
395,1.1: 392 393 394 396 397 398 
396,1.1: 394 395 397 398 399 
397,1.1: 394 395 396 398 399 400 
398,1.1: 237 395 396 397 399 401 
399,1.1: 396 397 398 400 401 402 
400,0.9: 397 399 401 403 
401,1.1: 398 399 400 402 403 404 
402,1.1: 399 401 403 404 405 1457 
403,1.1: 400 401 402 404 405 406 
404,1.1: 401 402 403 405 406 1426 
405,1.1: 402 403 404 406 407 
406,1.2: 403 404 405 407 408 409 1285 
407,0.9: 405 406 408 763 
408,1.1: 158 406 407 409 410 411 
409,1.1: 406 408 410 411 412 844 
410,1.1: 408 409 411 412 413 
411,1.1: 408 409 410 413 414 1167 
412,1.1: 409 410 413 414 415 
413,1.1: 410 411 412 414 415 416 
414,1.1: 411 412 413 415 416 417 
415,1.2: 52 412 413 414 416 417 418 
416,1.2: 413 414 415 417 418 419 657 
417,1.1: 414 415 416 418 419 420 
418,1.1: 415 416 417 419 420 421 
419,1.3: 416 417 418 420 421 422 569 943 1132 
420,1.1: 417 418 419 422 423 
421,1.1: 418 419 422 423 424 1392 
422,1.1: 419 420 421 423 424 425 
423,1.2: 420 421 422 424 425 426 826 
424,1.1: 421 422 423 425 426 427 
425,1.1: 422 423 424 426 427 428 
426,1.1: 423 424 425 427 428 429 
427,1.3: 132 393 424 425 426 428 429 430 
428,1.1: 425 426 427 429 430 431 
429,1.1: 426 427 428 430 431 432 
430,1.1: 427 428 429 431 432 433 
431,1.1: 428 429 430 433 434 1257 
432,1.1: 429 430 433 434 435 
433,1.1: 430 431 432 434 435 436 
434,1.2: 431 432 433 435 436 437 491 
435,1.2: 432 433 434 436 437 438 936 
436,1.1: 433 434 435 437 438 439 
437,1.1: 434 435 436 438 439 440 
438,1.1: 435 436 437 439 440 1089 
439,1.1: 436 437 438 440 441 442 
440,1.1: 437 438 439 441 442 443 
441,1.1: 439 440 442 443 444 
442,1.2: 439 440 441 444 445 620 1038 
443,1.2: 130 440 441 444 445 446 597 
444,1.1: 441 442 443 445 446 447 
445,1.1: 442 443 444 446 447 448 
446,1.1: 443 444 445 447 448 449 
447,1.1: 444 445 446 448 449 450 
448,1.1: 445 446 447 449 450 451 
449,1.1: 446 447 448 450 451 452 
450,1.1: 447 448 449 451 452 453 
451,1.1: 448 449 450 452 453 454 
452,1.2: 449 450 451 453 454 455 727 
453,1.1: 450 451 452 454 455 456 
454,1.2: 451 452 453 455 456 457 1070 
455,1.1: 452 453 454 456 457 458 
456,1.1: 453 454 455 457 458 459 
457,1.2: 454 455 456 458 459 460 1144 
458,1.1: 455 456 457 459 460 461 
459,1.1: 456 457 458 460 461 462 
460,1.1: 457 458 459 461 462 463 
461,0.9: 458 459 460 490 
462,1.1: 459 460 463 464 465 
463,1.1: 460 462 464 465 466 924 
464,1.1: 102 462 463 465 466 467 
465,1.1: 462 463 464 466 467 468 
466,1.1: 463 464 465 467 468 469 
467,1.1: 464 465 466 468 469 470 
468,1.1: 465 466 467 469 470 471 
469,1.2: 167 466 467 468 470 471 472 
470,1.1: 467 468 469 471 472 473 
471,1.1: 468 469 470 472 473 474 
472,1.1: 469 470 471 473 474 475 
473,1.1: 470 471 472 474 475 476 
474,1.1: 471 472 473 475 476 477 
475,1.1: 472 473 474 476 477 478 
476,1.1: 473 474 475 477 478 479 
477,1.2: 339 474 475 476 478 479 480 
478,1.1: 475 476 477 479 480 481 
479,1.1: 476 477 478 480 481 482 
480,1.1: 477 478 479 481 482 483 
481,1.1: 478 479 480 483 484 
482,1.1: 479 480 483 484 485 1122 
483,1.2: 480 481 482 484 485 486 846 
484,1.1: 481 482 483 485 486 487 
485,1.2: 482 483 484 486 487 488 1444 
486,1.1: 483 484 485 487 488 489 
487,1.1: 484 485 486 488 490 
488,1.1: 485 486 487 489 490 491 
489,1.1: 4 486 488 490 492 
490,1.2: 461 487 488 489 491 492 493 
491,1.2: 434 488 490 492 494 595 715 
492,1.1: 489 490 491 493 494 495 
493,1.1: 490 492 494 495 496 
494,1.1: 491 492 493 495 496 497 
495,1.3: 492 493 494 496 497 498 652 1033 
496,1.1: 493 494 495 497 498 499 
497,1.1: 494 495 496 498 499 500 
498,1.1: 495 496 497 499 500 501 
499,1.1: 496 497 498 500 501 502 
500,1.1: 497 498 499 501 502 503 
501,1.2: 498 499 500 502 503 504 1094 
502,1.1: 499 500 501 503 504 505 
503,1.1: 500 501 502 504 505 506 
504,1.1: 501 502 503 505 507 1063 
505,1.1: 502 503 504 506 507 508 
506,1.1: 503 505 507 508 509 
507,1.1: 504 505 506 508 510 1317 
508,1.1: 505 506 507 509 510 511 
509,1.1: 506 508 510 511 512 
510,1.1: 507 508 509 511 512 513 
511,1.1: 508 509 510 512 513 514 
512,1.1: 509 510 511 513 515 1264 
513,1.1: 510 511 512 514 515 516 
514,0.9: 511 513 516 517 
515,1.1: 512 513 516 517 518 969 
516,1.2: 513 514 515 517 518 519 1266 
517,1.1: 514 515 516 518 519 520 
518,1.1: 515 516 517 519 521 
519,1.1: 516 517 518 520 521 522 
520,1.1: 517 519 521 523 913 
521,1.1: 74 518 519 520 523 524 
522,1.1: 314 519 523 524 525 
523,1.1: 520 521 522 525 526 1370 
524,1.1: 521 522 525 526 527 
525,1.2: 522 523 524 526 527 528 1159 
526,1.2: 19 523 524 525 527 528 529 
527,0.9: 524 525 526 529 
528,1.1: 170 525 526 529 530 531 
529,1.1: 526 527 528 530 531 532 
530,1.1: 528 529 531 532 533 819 
531,1.1: 528 529 530 532 533 534 
532,1.1: 316 529 530 531 534 535 
533,1.1: 530 531 534 535 536 
534,1.1: 531 532 533 535 536 537 
535,1.1: 532 533 534 536 537 538 
536,1.1: 533 534 535 537 538 539 
537,1.1: 534 535 536 538 539 540 
538,1.1: 535 536 537 539 540 541 
539,1.1: 536 537 538 540 541 542 
540,1.1: 537 538 539 541 542 543 
541,1.1: 538 539 540 542 543 544 
542,1.1: 539 540 541 543 544 545 
543,1.1: 540 541 542 544 545 546 
544,1.1: 541 542 543 545 546 
545,1.1: 542 543 544 546 547 548 
546,1.1: 543 544 545 547 548 549 
547,1.1: 545 546 548 549 550 1091 
548,1.1: 545 546 547 549 550 551 
549,1.1: 546 547 548 550 551 552 
550,1.2: 547 548 549 551 552 553 852 
551,1.1: 548 549 550 552 553 554 
552,1.1: 549 550 551 553 554 555 
553,1.1: 550 551 552 554 556 
554,1.2: 551 552 553 555 556 557 1213 
555,1.1: 552 554 556 557 558 563 
556,1.1: 553 554 555 557 558 559 
557,1.1: 554 555 556 558 560 
558,1.1: 555 556 557 559 560 561 
559,1.1: 556 558 560 561 562 625 
560,1.1: 557 558 559 561 562 563 
561,1.1: 558 559 560 562 563 564 
562,1.1: 559 560 561 563 564 930 
563,1.3: 555 560 561 562 564 565 566 802 
564,1.1: 561 562 563 566 567 
565,1.1: 563 566 567 568 601 
566,1.1: 563 564 565 567 568 
567,1.1: 564 565 566 568 569 570 
568,1.1: 565 566 567 569 570 571 
569,1.1: 419 567 568 570 571 572 
570,1.1: 567 568 569 571 572 573 
571,1.1: 568 569 570 572 573 574 
572,1.1: 569 570 571 573 574 575 
573,1.1: 570 571 572 574 575 576 
574,1.1: 571 572 573 575 576 577 
575,1.1: 572 573 574 576 577 578 
576,1.1: 573 574 575 577 578 579 
577,1.1: 574 575 576 578 579 580 
578,1.1: 575 576 577 579 580 581 
579,1.1: 576 577 578 580 581 582 
580,1.1: 577 578 579 581 582 583 
581,1.1: 578 579 580 582 583 584 
582,1.1: 579 580 581 583 584 585 
583,1.2: 214 580 581 582 584 585 586 
584,1.1: 581 582 583 585 586 587 
585,1.1: 582 583 584 586 587 588 
586,1.1: 583 584 585 587 588 589 
587,1.1: 584 585 586 588 589 590 
588,1.1: 585 586 587 589 590 591 
589,1.1: 586 587 588 590 591 592 
590,1.2: 587 588 589 591 592 593 986 
591,1.1: 588 589 590 592 593 594 
592,1.1: 589 590 591 593 594 595 
593,1.1: 590 591 592 594 596 
594,1.2: 591 592 593 595 596 597 613 
595,1.1: 223 491 592 594 597 598 
596,1.1: 381 593 594 597 598 599 
597,1.2: 387 443 594 595 596 598 599 
598,1.2: 595 596 597 599 600 601 1412 
599,1.1: 596 597 598 600 601 602 
600,1.1: 598 599 601 602 603 
601,1.2: 565 598 599 600 602 603 604 
602,1.1: 599 600 601 603 604 605 
603,1.1: 600 601 602 604 605 606 
604,1.1: 601 602 603 605 606 607 
605,1.1: 602 603 604 606 607 608 
606,1.1: 603 604 605 607 608 609 
607,1.1: 604 605 606 608 609 610 
608,1.1: 605 606 607 609 610 611 
609,1.1: 606 607 608 610 611 612 
610,1.1: 607 608 609 611 612 613 
611,1.1: 608 609 610 612 613 614 
612,1.1: 33 609 610 611 613 614 
613,1.1: 594 610 611 612 614 616 
614,1.3: 611 612 613 615 616 617 656 855 
615,0.9: 614 616 617 618 
616,1.1: 613 614 615 617 618 619 
617,1.1: 614 615 616 618 619 
618,1.2: 341 615 616 617 621 729 842 
619,1.1: 616 617 620 621 622 
620,1.1: 442 619 621 622 623 
621,1.1: 618 619 620 622 623 624 
622,1.1: 619 620 621 624 625 1141 
623,1.1: 620 621 624 625 626 
624,1.1: 621 622 623 625 626 627 
625,1.2: 559 622 623 624 626 628 1443 
626,1.1: 623 624 625 627 628 629 
627,1.1: 624 626 628 629 630 
628,1.2: 388 625 626 627 629 630 631 
629,1.1: 626 627 628 630 631 632 
630,1.1: 627 628 629 631 632 633 
631,1.1: 628 629 630 632 633 634 
632,1.1: 629 630 631 633 634 635 
633,1.1: 630 631 632 634 636 
634,1.1: 631 632 633 635 636 637 
635,1.1: 357 632 634 636 637 638 
636,1.1: 633 634 635 637 638 639 
637,1.3: 114 123 215 634 635 636 638 639 640 
638,1.1: 635 636 637 640 641 
639,1.1: 636 637 640 641 642 980 
640,1.2: 637 638 639 641 642 643 1254 
641,1.1: 638 639 640 642 643 644 
642,1.2: 639 640 641 643 644 645 1404 
643,1.1: 640 641 642 645 646 671 
644,1.1: 333 641 642 645 646 
645,1.1: 642 643 644 646 647 648 
646,1.1: 643 644 645 647 648 649 
647,0.9: 645 646 649 650 
648,1.1: 645 646 649 650 651 1230 
649,1.2: 646 647 648 650 651 1034 1034 
650,1.1: 647 648 649 651 652 653 
651,1.1: 648 649 650 652 653 654 
652,1.1: 495 650 651 653 654 
653,1.1: 650 651 652 654 655 656 
654,1.1: 651 652 653 655 656 657 
655,1.1: 653 654 657 658 989 
656,1.1: 614 653 654 658 659 
657,1.1: 416 654 655 659 660 
658,1.1: 655 656 659 660 661 
659,1.1: 656 657 658 660 661 662 
660,1.1: 657 658 659 661 662 
661,1.1: 658 659 660 662 663 664 
662,1.1: 659 660 661 663 784 
663,1.1: 222 661 662 664 665 666 
664,1.1: 661 663 665 666 667 
665,1.1: 663 664 666 667 668 782 
666,1.1: 663 664 665 667 668 669 
667,1.1: 664 665 666 668 669 670 
668,1.1: 665 666 667 669 670 671 
669,1.2: 666 667 668 670 671 672 1058 
670,1.1: 667 668 669 671 672 673 
671,1.2: 643 668 669 670 672 673 674 
672,1.1: 669 670 671 673 674 
673,1.1: 124 670 671 672 676 
674,1.1: 671 672 675 676 1401 
675,1.1: 153 674 676 677 678 1384 
676,1.1: 673 674 675 677 678 679 
677,1.1: 675 676 678 679 680 
678,1.2: 675 676 677 679 680 681 731 
679,1.2: 676 677 678 680 681 682 1034 
680,1.1: 677 678 679 681 682 683 
681,1.2: 678 679 680 682 683 684 1037 
682,1.2: 679 680 681 683 684 685 1029 
683,1.1: 680 681 682 684 685 686 
684,1.1: 681 682 683 685 686 687 
685,1.1: 682 683 684 686 687 688 
686,1.2: 683 684 685 687 688 689 826 
687,1.1: 684 685 686 688 690 842 
688,1.1: 685 686 687 689 690 1408 
689,1.1: 686 688 690 691 692 
690,1.1: 687 688 689 691 692 693 
691,1.1: 689 690 692 693 694 776 
692,1.1: 689 690 691 694 695 1263 
693,1.1: 690 691 694 695 696 
694,1.1: 691 692 693 695 696 697 
695,1.1: 692 693 694 696 697 698 
696,1.1: 693 694 695 697 698 699 
697,1.1: 694 695 696 698 699 700 
698,1.1: 695 696 697 699 701 856 
699,1.1: 696 697 698 700 701 702 
700,1.1: 697 699 701 702 703 
701,1.1: 698 699 700 702 703 704 
702,1.1: 699 700 701 703 704 705 
703,1.1: 700 701 702 704 705 706 
704,1.1: 701 702 703 705 706 707 
705,1.1: 702 703 704 706 707 708 
706,1.1: 703 704 705 707 708 709 
707,1.2: 704 705 706 708 709 710 1277 
708,1.1: 705 706 707 709 710 711 
709,1.1: 706 707 708 710 711 712 
710,1.1: 707 708 709 711 1188 
711,1.2: 708 709 710 712 713 714 928 
712,1.1: 709 711 713 714 715 
713,1.1: 711 712 714 715 716 
714,1.1: 711 712 713 715 716 717 
715,1.1: 491 712 713 714 716 718 
716,1.1: 713 714 715 717 718 719 
717,1.1: 714 716 718 719 720 823 
718,1.1: 715 716 717 719 720 721 
719,1.1: 716 717 718 720 721 722 
720,1.1: 40 717 718 719 722 723 
721,1.1: 718 719 722 723 724 1466 
722,1.1: 719 720 721 723 724 725 
723,1.1: 720 721 722 725 726 
724,1.1: 721 722 725 726 727 1064 
725,1.1: 722 723 724 726 727 728 
726,1.1: 723 724 725 727 728 729 
727,1.1: 452 724 725 726 728 729 
728,1.1: 725 726 727 729 730 731 
729,1.2: 618 726 727 728 730 731 732 
730,1.1: 728 729 731 732 733 
731,1.1: 678 728 729 730 733 734 
732,1.1: 729 730 733 734 735 
733,1.1: 730 731 732 734 735 736 
734,1.1: 731 732 733 735 736 737 
735,1.3: 732 733 734 736 737 738 1218 1428 
736,1.1: 733 734 735 737 739 784 
737,1.1: 734 735 736 738 739 740 
738,1.1: 735 737 739 740 741 
739,1.1: 736 737 738 740 741 742 
740,1.1: 737 738 739 741 742 743 
741,1.1: 738 739 740 742 743 744 
742,1.1: 739 740 741 743 744 745 
743,1.1: 740 741 742 744 745 746 
744,1.1: 741 742 743 745 746 747 
745,1.1: 742 743 744 746 747 1158 
746,1.1: 743 744 745 747 748 749 
747,1.1: 744 745 746 748 749 750 
748,1.1: 746 747 749 750 751 1239 
749,1.1: 746 747 748 750 751 752 
750,1.1: 747 748 749 751 752 1222 
751,1.1: 748 749 750 753 754 1235 
752,1.1: 749 750 753 754 755 1004 
753,1.1: 751 752 754 755 756 
754,1.1: 751 752 753 755 756 757 
755,1.1: 752 753 754 756 757 758 
756,1.1: 753 754 755 757 758 759 
757,1.1: 754 755 756 758 759 760 
758,1.1: 755 756 757 759 760 761 
759,1.1: 756 757 758 760 761 762 
760,1.1: 757 758 759 761 762 763 
761,1.1: 758 759 760 762 763 764 
762,1.1: 759 760 761 763 764 765 
763,1.3: 173 407 760 761 762 764 765 766 
764,1.1: 761 762 763 765 766 767 
765,1.1: 34 762 763 764 766 767 
766,1.1: 763 764 765 767 768 769 
767,1.1: 764 765 766 768 769 770 
768,0.9: 766 767 769 771 
769,1.1: 766 767 768 770 771 772 
770,1.1: 767 769 771 772 773 
771,1.1: 768 769 770 772 773 774 
772,1.1: 769 770 771 773 774 775 
773,1.1: 770 771 772 774 775 
774,1.1: 771 772 773 775 776 777 
775,1.1: 772 773 774 776 777 778 
776,1.1: 691 774 775 777 778 779 
777,1.1: 774 775 776 778 779 780 
778,1.1: 775 776 777 779 780 781 
779,1.1: 776 777 778 780 781 782 
780,1.1: 777 778 779 781 782 783 
781,1.1: 778 779 780 782 783 784 
782,1.3: 665 779 780 781 783 784 785 814 
783,1.1: 780 781 782 784 785 786 
784,1.3: 662 736 781 782 783 785 786 1083 
785,1.1: 782 783 784 786 787 788 
786,1.1: 783 784 785 787 788 789 
787,1.1: 785 786 788 789 790 
788,1.1: 785 786 787 789 790 791 
789,1.1: 786 787 788 790 791 792 
790,1.1: 787 788 789 791 792 793 
791,1.1: 788 789 790 792 794 
792,1.1: 789 790 791 793 794 795 
793,1.1: 1 227 790 792 794 796 
794,1.2: 303 791 792 793 795 796 797 
795,1.1: 792 794 796 797 798 
796,1.1: 793 794 795 797 798 799 
797,1.1: 794 795 796 798 799 800 
798,1.1: 795 796 797 799 800 801 
799,1.1: 796 797 798 800 801 802 
800,1.1: 797 798 799 801 802 803 
801,1.1: 798 799 800 802 804 
802,1.1: 563 799 800 801 803 805 
803,1.1: 800 802 804 805 806 1248 
804,1.1: 801 803 805 806 807 
805,1.1: 802 803 804 806 807 808 
806,1.1: 803 804 805 807 808 809 
807,1.1: 804 805 806 808 809 810 
808,1.1: 805 806 807 809 810 811 
809,1.1: 806 807 808 810 811 812 
810,1.2: 334 807 808 809 811 812 813 
811,1.2: 808 809 810 812 813 814 1121 
812,1.1: 809 810 811 813 814 815 
813,1.1: 810 811 812 815 816 
814,1.1: 782 811 812 815 816 817 
815,1.2: 360 812 813 814 816 817 818 
816,1.1: 813 814 815 817 818 819 
817,1.1: 814 815 816 818 819 820 
818,1.1: 815 816 817 819 820 821 
819,1.3: 530 816 817 818 820 821 822 940 
820,1.1: 817 818 819 821 822 823 
821,1.1: 818 819 820 822 823 824 
822,1.1: 819 820 821 823 824 825 
823,1.3: 717 820 821 822 824 825 826 1307 
824,1.1: 31 821 822 823 827 
825,0.9: 822 823 827 828 
826,1.2: 176 423 686 823 827 828 1153 
827,1.1: 824 825 826 828 829 830 
828,1.1: 825 826 827 831 1374 
829,1.1: 99 827 830 831 832 
830,1.1: 827 829 831 832 833 945 
831,1.1: 828 829 830 832 833 834 
832,1.1: 829 830 831 833 834 835 
833,1.1: 830 831 832 834 835 836 
834,1.2: 831 832 833 835 836 837 1300 
835,1.1: 832 833 834 836 837 838 
836,1.1: 833 834 835 837 838 839 
837,1.2: 834 835 836 838 839 840 1104 
838,1.1: 835 836 837 839 840 841 
839,1.1: 836 837 838 840 841 842 
840,1.2: 363 837 838 839 841 842 843 
841,1.2: 249 838 839 840 842 843 844 
842,1.3: 618 687 839 840 841 843 844 845 
843,1.1: 840 841 842 844 845 846 
844,1.2: 369 409 841 842 843 845 846 
845,1.1: 842 843 844 846 847 848 
846,1.1: 483 843 844 845 847 849 
847,1.1: 845 846 848 849 850 
848,1.1: 845 847 849 850 851 
849,1.1: 846 847 848 850 851 
850,1.1: 847 848 849 851 852 853 
851,1.1: 848 849 850 852 853 854 
852,1.1: 550 850 851 853 854 855 
853,1.1: 850 851 852 854 856 
854,1.1: 851 852 853 855 856 857 
855,1.1: 614 852 854 856 857 858 
856,1.2: 698 853 854 855 857 858 859 
857,1.1: 854 855 856 858 859 860 
858,1.1: 855 856 857 859 860 861 
859,1.1: 856 857 858 860 861 862 
860,1.2: 857 858 859 861 862 863 1403 
861,1.1: 858 859 860 862 863 864 
862,1.2: 859 860 861 863 864 865 1487 
863,1.1: 860 861 862 864 865 866 
864,1.1: 861 862 863 865 866 867 
865,1.1: 862 863 864 866 867 868 
866,1.1: 863 864 865 867 868 869 
867,1.1: 864 865 866 868 869 870 
868,1.1: 865 866 867 869 870 871 
869,1.1: 866 867 868 870 871 872 
870,1.2: 867 868 869 871 872 873 1278 
871,1.1: 868 869 870 872 873 874 
872,1.1: 869 870 871 873 874 875 
873,1.2: 870 871 872 874 875 876 944 
874,1.1: 871 872 873 875 876 
875,1.1: 872 873 874 876 877 878 
876,1.1: 873 874 875 877 878 879 
877,1.1: 875 876 878 879 880 1360 
878,1.1: 875 876 877 879 881 962 
879,0.9: 876 877 878 882 
880,1.1: 877 881 882 883 1006 
881,1.1: 878 880 882 883 884 1440 
882,1.2: 879 880 881 883 884 885 935 
883,1.1: 880 881 882 884 885 886 
884,1.1: 881 882 883 885 886 887 
885,1.1: 882 883 884 886 887 888 
886,1.1: 883 884 885 887 888 889 
887,1.1: 884 885 886 888 889 890 
888,1.2: 885 886 887 889 890 891 1466 
889,1.2: 376 886 887 888 891 892 1489 
890,1.1: 887 888 891 892 893 
891,1.1: 888 889 890 892 893 894 
892,1.2: 889 890 891 893 894 895 1369 
893,1.1: 890 891 892 894 895 896 
894,1.1: 891 892 893 895 896 1212 
895,1.1: 892 893 894 896 897 898 
896,1.1: 893 894 895 897 898 970 
897,1.1: 895 896 898 899 900 
898,1.1: 895 896 897 899 900 901 
899,1.1: 897 898 900 901 902 
900,1.1: 897 898 899 901 902 903 
901,1.1: 898 899 900 902 903 904 
902,1.1: 899 900 901 904 905 
903,1.1: 257 900 901 904 905 
904,1.2: 901 902 903 905 906 906 907 
905,1.2: 371 902 903 904 906 907 908 
906,1.1: 904 904 905 907 908 909 
907,1.1: 904 905 906 908 909 910 
908,1.1: 905 906 907 909 910 911 
909,1.1: 906 907 908 910 911 912 
910,1.1: 907 908 909 911 912 913 
911,1.1: 908 909 910 912 913 914 
912,1.1: 909 910 911 913 914 915 
913,1.2: 520 910 911 912 914 915 916 
914,1.1: 911 912 913 915 916 917 
915,1.2: 246 912 913 914 916 917 918 
916,1.1: 913 914 915 917 918 919 
917,1.1: 914 915 916 918 919 920 
918,1.1: 915 916 917 919 920 921 
919,1.3: 298 916 917 918 920 921 922 1209 
920,1.1: 917 918 919 921 923 
921,1.1: 918 919 920 922 923 924 
922,1.2: 233 919 921 923 924 925 1300 
923,1.2: 920 921 922 924 925 926 1045 
924,1.2: 463 921 922 923 925 926 927 
925,1.1: 922 923 924 926 927 928 
926,1.1: 923 924 925 927 928 929 
927,1.1: 924 925 926 928 929 930 
928,1.1: 711 925 926 927 930 931 
929,1.1: 926 927 930 931 932 
930,1.2: 562 927 928 929 931 932 933 
931,1.1: 928 929 930 932 933 934 
932,1.1: 929 930 931 933 934 935 
933,1.1: 930 931 932 934 935 936 
934,1.1: 931 932 933 935 936 937 
935,1.1: 882 932 933 934 936 938 
936,1.1: 435 933 934 935 937 939 
937,1.1: 934 936 938 939 940 
938,1.1: 935 937 939 941 1139 
939,1.1: 936 937 938 940 941 942 
940,1.1: 338 819 937 939 941 942 
941,1.1: 938 939 940 942 944 
942,1.1: 939 940 941 943 944 945 
943,1.1: 419 942 944 945 946 
944,1.1: 873 941 942 943 945 947 
945,1.2: 830 942 943 944 946 947 948 
946,0.9: 943 945 947 948 
947,1.2: 944 945 946 948 949 950 1440 
948,1.2: 177 945 946 947 949 950 951 
949,1.1: 947 948 950 951 952 1070 
950,1.3: 47 129 947 948 949 951 952 953 
951,1.1: 948 949 950 952 953 954 
952,1.1: 949 950 951 953 954 955 
953,1.1: 950 951 952 954 955 956 
954,1.1: 951 952 953 955 956 957 
955,1.1: 952 953 954 956 957 958 
956,1.1: 953 954 955 958 959 
957,1.1: 38 954 955 958 959 960 
958,1.1: 955 956 957 959 960 961 
959,1.1: 956 957 958 960 961 962 
960,1.1: 957 958 959 961 962 963 
961,1.1: 958 959 960 962 963 964 
962,1.2: 878 959 960 961 963 964 965 
963,1.1: 960 961 962 964 965 966 
964,1.1: 961 962 963 965 966 967 
965,1.1: 962 963 964 966 967 968 
966,1.2: 358 963 964 965 967 968 969 
967,1.1: 964 965 966 968 969 970 
968,1.1: 965 966 967 969 970 971 
969,1.1: 515 966 967 968 970 971 
970,1.2: 896 967 968 969 971 972 973 
971,1.1: 185 968 969 970 973 974 
972,1.1: 970 973 974 975 1393 
973,1.1: 970 971 972 974 975 976 
974,1.2: 971 972 973 975 976 977 1013 
975,1.2: 377 972 973 974 976 977 978 
976,1.1: 973 974 975 977 978 979 
977,1.1: 974 975 976 978 979 980 
978,1.1: 975 976 977 979 980 981 
979,1.1: 976 977 978 980 981 982 
980,1.2: 639 977 978 979 981 982 983 
981,1.1: 978 979 980 982 983 984 
982,1.1: 979 980 981 983 984 985 
983,1.1: 108 980 981 982 985 986 
984,1.1: 981 982 985 986 987 
985,1.1: 982 983 984 987 988 1001 
986,1.2: 26 344 590 983 984 988 989 
987,0.9: 984 985 989 990 
988,1.1: 138 985 986 989 990 991 
989,1.2: 655 986 987 988 990 991 992 
990,1.1: 987 988 989 991 992 993 
991,1.1: 988 989 990 992 993 994 
992,1.1: 989 990 991 993 994 995 
993,1.2: 990 991 992 994 995 996 1236 
994,1.1: 991 992 993 995 996 997 
995,1.1: 992 993 994 996 997 998 
996,1.1: 993 994 995 997 998 999 
997,1.1: 174 994 995 996 999 1000 
998,0.9: 995 996 1000 1001 
999,1.2: 996 997 1000 1001 1002 1357 1437 
1000,1.1: 997 998 999 1002 1003 
1001,1.2: 163 985 998 999 1002 1003 1004 
1002,1.1: 999 1000 1001 1003 1004 1005 
1003,1.1: 1000 1001 1002 1004 1005 1006 
1004,1.1: 752 1001 1002 1003 1005 1006 
1005,1.1: 1002 1003 1004 1006 1007 1008 
1006,1.1: 880 1003 1004 1005 1008 1009 
1007,1.1: 232 1005 1008 1009 1010 
1008,1.1: 1005 1006 1007 1009 1010 1011 
1009,1.1: 1006 1007 1008 1010 1011 1012 
1010,1.1: 1007 1008 1009 1011 1012 1013 
1011,1.1: 1008 1009 1010 1012 1013 1014 
1012,1.1: 1009 1010 1011 1013 1014 1015 
1013,1.1: 974 1010 1011 1012 1014 1016 
1014,1.1: 1011 1012 1013 1016 1017 
1015,1.1: 1012 1016 1017 1018 1190 
1016,1.1: 1 1013 1014 1015 1017 1018 
1017,1.3: 156 1014 1015 1016 1018 1019 1020 1030 
1018,1.1: 1015 1016 1017 1019 1020 1021 
1019,1.1: 1017 1018 1020 1021 1022 1240 
1020,1.1: 1017 1018 1019 1021 1022 1023 
1021,1.1: 1018 1019 1020 1022 1023 1024 
1022,1.1: 1019 1020 1021 1023 1024 1025 
1023,1.1: 1020 1021 1022 1024 1025 1026 
1024,1.1: 1021 1022 1023 1025 1026 1027 
1025,1.1: 1022 1023 1024 1026 1027 1028 
1026,1.1: 1023 1024 1025 1027 1028 1029 
1027,1.1: 63 1024 1025 1026 1029 
1028,0.9: 1025 1026 1029 1031 
1029,1.1: 682 1026 1027 1028 1030 1031 
1030,1.1: 1017 1029 1031 1032 1372 
1031,1.1: 1028 1029 1030 1032 1033 
1032,1.1: 1030 1031 1033 1034 1035 
1033,1.1: 495 1031 1032 1035 1036 
1034,1.3: 189 649 649 679 1032 1035 1036 1037 
1035,1.1: 1032 1033 1034 1036 1037 
1036,1.1: 1033 1034 1035 1037 1038 1039 
1037,1.1: 681 1034 1035 1036 1038 1039 
1038,1.1: 442 1036 1037 1039 1040 1041 
1039,1.1: 1036 1037 1038 1040 1041 1042 
1040,1.1: 1038 1039 1041 1042 1043 
1041,1.2: 1038 1039 1040 1042 1043 1044 1412 
1042,1.1: 1039 1040 1041 1043 1044 
1043,1.1: 1040 1041 1042 1044 1045 1046 
1044,1.1: 1041 1042 1043 1045 1046 1047 
1045,1.1: 923 1043 1044 1046 1047 1048 
1046,1.1: 1043 1044 1045 1047 1048 1049 
1047,1.1: 1044 1045 1046 1048 1049 1050 
1048,1.1: 1045 1046 1047 1049 1050 1051 
1049,1.1: 1046 1047 1048 1050 1051 1052 
1050,1.1: 1047 1048 1049 1051 1052 1053 
1051,1.1: 1048 1049 1050 1052 1053 1054 
1052,1.1: 1049 1050 1051 1053 1054 1055 
1053,1.1: 1050 1051 1052 1054 1055 1056 
1054,1.2: 1051 1052 1053 1055 1056 1057 1150 
1055,1.1: 1052 1053 1054 1056 1057 1058 
1056,1.1: 1053 1054 1055 1057 1058 1059 
1057,1.1: 1054 1055 1056 1059 1060 
1058,1.1: 669 1055 1056 1059 1060 1061 
1059,1.2: 259 1056 1057 1058 1060 1061 1062 
1060,1.1: 1057 1058 1059 1061 1062 1418 
1061,1.1: 1058 1059 1060 1062 1063 1064 
1062,1.1: 1059 1060 1061 1063 1064 1065 
1063,1.1: 504 1061 1062 1064 1065 
1064,1.1: 724 1061 1062 1063 1065 1349 
1065,1.1: 1062 1063 1064 1066 1067 1068 
1066,1.1: 182 1065 1067 1068 1069 
1067,1.1: 60 1065 1066 1068 1069 1070 
1068,1.1: 1065 1066 1067 1069 1070 1071 
1069,1.1: 1066 1067 1068 1071 1072 
1070,1.2: 454 949 1067 1068 1071 1072 1073 
1071,1.1: 1068 1069 1070 1072 1073 1074 
1072,1.2: 1069 1070 1071 1073 1074 1075 1457 
1073,1.1: 1070 1071 1072 1074 1075 1076 
1074,1.1: 1071 1072 1073 1075 1076 1077 
1075,1.1: 1072 1073 1074 1076 1077 1078 
1076,1.1: 1073 1074 1075 1077 1078 1079 
1077,1.1: 1074 1075 1076 1078 1079 1080 
1078,1.1: 1075 1076 1077 1079 1080 1081 
1079,1.1: 1076 1077 1078 1080 1081 1082 
1080,1.1: 1077 1078 1079 1081 1082 1083 
1081,1.1: 1078 1079 1080 1082 1083 1084 
1082,1.1: 351 1079 1080 1081 1084 1085 
1083,1.1: 784 1080 1081 1084 1085 1086 
1084,1.1: 1081 1082 1083 1085 1086 1087 
1085,1.1: 1082 1083 1084 1086 1087 1088 
1086,1.1: 1083 1084 1085 1087 1088 1089 
1087,1.1: 1084 1085 1086 1088 1089 1090 
1088,1.2: 178 1085 1086 1087 1089 1090 1091 
1089,1.2: 438 1086 1087 1088 1090 1091 1092 
1090,1.1: 1087 1088 1089 1091 1092 1093 
1091,1.1: 547 1088 1089 1090 1092 1094 
1092,1.1: 1089 1090 1091 1093 1095 
1093,1.1: 1090 1092 1094 1095 1096 1212 
1094,1.1: 501 1091 1093 1095 1096 1097 
1095,1.1: 1092 1093 1094 1096 1097 1098 
1096,1.1: 1093 1094 1095 1097 1098 1099 
1097,1.2: 277 1094 1095 1096 1098 1099 1100 
1098,1.1: 1095 1096 1097 1099 1100 1101 
1099,1.1: 153 1096 1097 1098 1101 1102 
1100,1.1: 1097 1098 1101 1102 1103 
1101,1.1: 1098 1099 1100 1102 1103 1104 
1102,1.1: 1099 1100 1101 1103 1104 1105 
1103,1.1: 1100 1101 1102 1104 1105 1106 
1104,1.1: 837 1101 1102 1103 1105 1106 
1105,1.1: 1102 1103 1104 1106 1107 1108 
1106,1.1: 1103 1104 1105 1107 1108 1109 
1107,1.1: 1105 1106 1108 1109 1110 
1108,1.1: 1105 1106 1107 1109 1110 1111 
1109,1.1: 1106 1107 1108 1110 1111 1112 
1110,1.1: 1107 1108 1109 1111 1112 1113 
1111,1.1: 1108 1109 1110 1112 1113 1114 
1112,1.1: 1109 1110 1111 1113 1114 1115 
1113,1.1: 1110 1111 1112 1115 1116 1256 
1114,1.1: 1111 1112 1115 1116 1117 
1115,1.1: 1112 1113 1114 1116 1117 1118 
1116,1.1: 1113 1114 1115 1117 1118 1119 
1117,1.1: 107 1114 1115 1116 1118 1119 
1118,1.1: 1115 1116 1117 1119 1120 1121 
1119,1.1: 1116 1117 1118 1120 1121 1122 
1120,0.9: 1118 1119 1122 1123 
1121,1.1: 811 1118 1119 1122 1123 1124 
1122,1.2: 482 1119 1120 1121 1123 1124 1125 
1123,1.2: 1120 1121 1122 1124 1125 1126 1264 
1124,1.1: 1121 1122 1123 1125 1126 1127 
1125,1.1: 1122 1123 1124 1126 1127 1128 
1126,1.1: 1123 1124 1125 1127 1129 
1127,1.1: 1124 1125 1126 1128 1129 1130 
1128,1.1: 1125 1127 1129 1130 1131 1463 
1129,1.1: 1126 1127 1128 1130 1131 1132 
1130,1.1: 1127 1128 1129 1131 1132 1133 
1131,1.1: 1128 1129 1130 1133 1134 
1132,1.1: 419 1129 1130 1133 1134 1135 
1133,1.1: 1130 1131 1132 1134 1135 1136 
1134,1.1: 1131 1132 1133 1135 1136 1137 
1135,1.1: 1132 1133 1134 1136 1137 1138 
1136,1.1: 1133 1134 1135 1137 1138 1139 
1137,1.1: 1134 1135 1136 1138 1139 1140 
1138,1.1: 1135 1136 1137 1139 1140 1141 
1139,1.2: 938 1136 1137 1138 1140 1141 1142 
1140,1.1: 1137 1138 1139 1141 1142 1143 
1141,1.2: 622 1138 1139 1140 1142 1143 1144 
1142,1.1: 1139 1140 1141 1143 1144 1145 
1143,1.1: 1140 1141 1142 1144 1145 1146 
1144,1.1: 457 1141 1142 1143 1146 1147 
1145,1.1: 1142 1143 1146 1147 1148 
1146,1.1: 1143 1144 1145 1147 1148 1149 
1147,1.1: 1144 1145 1146 1148 1149 1150 
1148,1.1: 1145 1146 1147 1149 1151 
1149,1.1: 1146 1147 1148 1150 1151 1152 
1150,1.1: 1054 1147 1149 1151 1152 1153 
1151,1.1: 1148 1149 1150 1152 1153 1154 
1152,1.1: 1149 1150 1151 1153 1154 1155 
1153,1.2: 826 1150 1151 1152 1154 1155 1156 
1154,1.2: 242 1151 1152 1153 1155 1156 1157 
1155,1.1: 1152 1153 1154 1156 1157 1158 
1156,1.1: 1153 1154 1155 1157 1158 1159 
1157,1.1: 1154 1155 1156 1158 1159 1160 
1158,1.2: 745 1155 1156 1157 1159 1160 1161 
1159,1.1: 525 1156 1157 1158 1160 1161 
1160,1.2: 241 1157 1158 1159 1161 1162 1163 
1161,1.1: 1158 1159 1160 1162 1163 1164 
1162,1.1: 1160 1161 1163 1164 1165 
1163,1.2: 105 1160 1161 1162 1164 1165 1166 
1164,1.1: 1161 1162 1163 1165 1166 1167 
1165,1.1: 1162 1163 1164 1166 1167 1168 
1166,1.1: 1163 1164 1165 1167 1168 1169 
1167,1.3: 411 1164 1165 1166 1168 1169 1170 1396 
1168,1.1: 1165 1166 1167 1169 1170 1171 
1169,1.1: 1166 1167 1168 1170 1171 1172 
1170,1.1: 1167 1168 1169 1171 1172 1173 
1171,1.3: 62 345 1168 1169 1170 1172 1173 1174 
1172,1.1: 1169 1170 1171 1173 1174 1175 
1173,1.1: 1170 1171 1172 1174 1175 1176 
1174,1.1: 20 1171 1172 1173 1175 1177 
1175,1.1: 1172 1173 1174 1176 1177 1178 
1176,1.1: 1173 1175 1177 1178 1179 
1177,1.1: 1174 1175 1176 1178 1179 1180 
1178,1.2: 301 1175 1176 1177 1179 1180 1181 
1179,1.1: 1176 1177 1178 1180 1181 1182 
1180,1.1: 1177 1178 1179 1181 1182 1183 
1181,1.1: 1178 1179 1180 1182 1183 1184 
1182,1.1: 1179 1180 1181 1183 1184 1185 
1183,1.1: 1180 1181 1182 1184 1185 1186 
1184,1.1: 1181 1182 1183 1185 1186 1187 
1185,1.1: 1182 1183 1184 1186 1187 1188 
1186,1.1: 1183 1184 1185 1187 1188 1189 
1187,1.1: 1184 1185 1186 1188 1189 1190 
1188,1.2: 710 1185 1186 1187 1189 1190 1191 
1189,1.1: 1186 1187 1188 1190 1191 1192 
1190,1.2: 1015 1187 1188 1189 1191 1192 1193 
1191,1.1: 1188 1189 1190 1192 1193 1194 
1192,1.1: 1189 1190 1191 1193 1194 1195 
1193,1.1: 1190 1191 1192 1194 1195 1196 
1194,1.1: 1191 1192 1193 1195 1196 1197 
1195,1.1: 1192 1193 1194 1196 1197 1198 
1196,1.1: 1193 1194 1195 1197 1198 1199 
1197,1.1: 1194 1195 1196 1198 1199 1200 
1198,1.1: 1195 1196 1197 1199 1200 1201 
1199,1.2: 123 1196 1197 1198 1200 1201 1202 
1200,1.1: 1197 1198 1199 1201 1202 1203 
1201,1.1: 1198 1199 1200 1202 1203 1204 
1202,1.1: 1199 1200 1201 1203 1204 1205 
1203,1.3: 295 1200 1201 1202 1204 1205 1206 1313 
1204,1.2: 1201 1202 1203 1205 1206 1207 1280 
1205,1.1: 1202 1203 1204 1206 1207 1208 
1206,1.2: 250 1203 1204 1205 1207 1208 1209 
1207,1.1: 1204 1205 1206 1208 1209 
1208,1.1: 1205 1206 1207 1209 1210 1211 
1209,1.1: 67 919 1206 1207 1208 1212 
1210,1.1: 348 1208 1211 1212 1213 
1211,1.1: 1208 1210 1212 1213 1214 
1212,1.3: 894 1093 1209 1210 1211 1213 1215 1266 
1213,1.1: 554 1210 1211 1212 1214 1216 
1214,1.2: 92 1211 1213 1215 1216 1217 1375 
1215,1.1: 78 1212 1214 1217 1218 
1216,1.1: 1213 1214 1217 1218 1219 
1217,1.1: 1214 1215 1216 1219 1220 
1218,1.1: 735 1215 1216 1220 1221 
1219,1.1: 38 1216 1217 1220 1221 1222 
1220,1.1: 1217 1218 1219 1222 1223 
1221,1.1: 1218 1219 1222 1223 1224 1429 
1222,1.2: 750 1219 1220 1221 1223 1224 1225 
1223,1.1: 1220 1221 1222 1224 1225 1226 
1224,1.1: 101 1221 1222 1223 1225 1227 
1225,1.1: 1222 1223 1224 1226 1227 1228 
1226,1.1: 1223 1225 1227 1228 1229 
1227,1.3: 42 1224 1225 1226 1228 1229 1230 1338 
1228,1.1: 1225 1226 1227 1229 1230 1231 
1229,0.8: 1226 1227 1228 
1230,1.2: 648 1227 1228 1231 1232 1233 1454 
1231,1.1: 1228 1230 1232 1233 1234 1356 
1232,1.1: 329 1230 1231 1233 1234 1235 
1233,1.1: 1230 1231 1232 1234 1235 1236 
1234,1.1: 1231 1232 1233 1235 1237 1354 
1235,1.2: 751 1232 1233 1234 1236 1237 1238 
1236,1.1: 993 1233 1235 1237 1238 
1237,1.1: 1234 1235 1236 1238 1239 1240 
1238,1.1: 1235 1236 1237 1239 1240 1241 
1239,1.1: 748 1237 1238 1241 1490 
1240,1.1: 1019 1237 1238 1241 1242 1243 
1241,1.1: 1238 1239 1240 1242 1243 1244 
1242,1.1: 1240 1241 1243 1244 1245 
1243,1.1: 1240 1241 1242 1244 1245 1246 
1244,1.1: 1241 1242 1243 1245 1246 1247 
1245,1.1: 1242 1243 1244 1246 1247 1248 
1246,1.1: 1243 1244 1245 1247 1248 1249 
1247,1.1: 1244 1245 1246 1248 1249 1250 
1248,1.2: 803 1245 1246 1247 1249 1250 1251 
1249,1.1: 1246 1247 1248 1250 1251 1252 
1250,1.1: 1247 1248 1249 1251 1252 1253 
1251,1.1: 1248 1249 1250 1252 1253 1254 
1252,1.1: 1249 1250 1251 1253 1254 1255 
1253,1.1: 172 1250 1251 1252 1255 1256 
1254,1.1: 640 1251 1252 1255 1256 
1255,1.1: 1252 1253 1254 1256 1257 1258 
1256,1.2: 1113 1253 1254 1255 1257 1258 1259 
1257,1.1: 431 1255 1256 1258 1259 1260 
1258,1.1: 1255 1256 1257 1259 1260 1261 
1259,1.1: 1256 1257 1258 1260 1261 1262 
1260,1.1: 1257 1258 1259 1261 1262 1263 
1261,1.1: 1258 1259 1260 1262 1264 
1262,1.1: 1259 1260 1261 1263 1264 1265 
1263,1.1: 692 1260 1262 1265 1266 1370 
1264,1.2: 512 1123 1261 1262 1265 1266 1267 
1265,1.1: 1262 1263 1264 1266 1267 1268 
1266,1.2: 516 1212 1263 1264 1265 1268 1269 
1267,1.1: 1264 1265 1268 1269 1270 
1268,1.1: 1265 1266 1267 1269 1270 1271 
1269,1.2: 1266 1267 1268 1270 1271 1272 1373 
1270,1.2: 214 1267 1268 1269 1271 1272 1273 
1271,1.1: 1268 1269 1270 1272 1273 1274 
1272,1.1: 1269 1270 1271 1273 1274 1275 
1273,1.1: 1270 1271 1272 1274 1275 1276 
1274,1.1: 1271 1272 1273 1275 1276 1277 
1275,1.1: 1272 1273 1274 1276 1277 1278 
1276,1.1: 227 1273 1274 1275 1277 1279 
1277,1.1: 105 707 1274 1275 1276 1280 
1278,0.9: 870 1275 1280 1281 
1279,0.9: 1276 1280 1281 1282 
1280,1.1: 1204 1277 1278 1279 1282 1283 
1281,1.1: 1278 1279 1282 1283 1284 
1282,1.1: 1279 1280 1281 1283 1284 1285 
1283,1.1: 1280 1281 1282 1284 1286 
1284,1.1: 1281 1282 1283 1285 1286 1287 
1285,1.1: 406 1282 1284 1286 1287 1288 
1286,1.1: 1283 1284 1285 1287 1288 1289 
1287,1.1: 1284 1285 1286 1288 1289 1290 
1288,1.1: 1285 1286 1287 1289 1290 1291 
1289,1.1: 1286 1287 1288 1290 1291 1292 
1290,1.1: 1287 1288 1289 1291 1292 1293 
1291,1.1: 1288 1289 1290 1292 1294 
1292,1.1: 1289 1290 1291 1293 1295 
1293,1.1: 325 1290 1292 1294 1295 1296 
1294,1.1: 171 1291 1293 1295 1296 1297 
1295,1.1: 1292 1293 1294 1296 1297 1298 
1296,1.1: 1293 1294 1295 1297 1298 1299 
1297,1.1: 1294 1295 1296 1298 1299 1300 
1298,1.1: 174 1295 1296 1297 1299 1301 
1299,1.1: 1296 1297 1298 1300 1301 1302 
1300,1.1: 834 922 1297 1299 1303 
1301,1.1: 1298 1299 1302 1303 1304 
1302,1.1: 1299 1301 1303 1304 1305 
1303,1.1: 1300 1301 1302 1304 1305 1306 
1304,1.1: 1301 1302 1303 1305 1306 
1305,1.1: 1302 1303 1304 1307 1308 
1306,1.1: 127 1303 1304 1307 1308 1309 
1307,1.1: 823 1305 1306 1308 1309 1310 
1308,1.1: 1305 1306 1307 1309 1310 1311 
1309,1.1: 1306 1307 1308 1310 1311 1312 
1310,1.1: 1307 1308 1309 1311 1312 1313 
1311,1.1: 1308 1309 1310 1312 1313 1314 
1312,1.1: 1309 1310 1311 1313 1314 1315 
1313,1.1: 1203 1310 1311 1312 1315 1316 
1314,1.1: 1311 1312 1315 1316 1317 
1315,1.1: 1312 1313 1314 1316 1317 1318 
1316,1.1: 1313 1314 1315 1317 1318 1319 
1317,1.2: 507 1314 1315 1316 1318 1319 1320 
1318,1.1: 1315 1316 1317 1319 1320 1321 
1319,1.1: 1316 1317 1318 1320 1321 1322 
1320,1.1: 1317 1318 1319 1321 1322 1323 
1321,1.1: 1318 1319 1320 1322 1323 1324 
1322,1.2: 1319 1320 1321 1323 1324 1325 1404 
1323,1.1: 1320 1321 1322 1324 1325 1326 
1324,1.1: 1321 1322 1323 1325 1326 1327 
1325,1.1: 1322 1323 1324 1327 1328 
1326,1.1: 123 1323 1324 1327 1328 1329 
1327,1.1: 1324 1325 1326 1328 1329 1330 
1328,1.1: 1325 1326 1327 1329 1330 1331 
1329,1.1: 1326 1327 1328 1330 1331 1332 
1330,1.1: 1327 1328 1329 1331 1332 1333 
1331,1.1: 1328 1329 1330 1332 1333 1334 
1332,1.1: 1329 1330 1331 1333 1334 1335 
1333,1.1: 1330 1331 1332 1334 1335 1336 
1334,1.1: 1331 1332 1333 1335 1336 1337 
1335,1.1: 1332 1333 1334 1336 1337 1338 
1336,1.1: 1333 1334 1335 1337 1338 1339 
1337,1.1: 1334 1335 1336 1338 1339 1340 
1338,1.1: 1227 1335 1336 1337 1339 1341 
1339,1.1: 1336 1337 1338 1340 1341 1342 
1340,1.1: 1337 1339 1341 1342 1343 
1341,1.1: 1338 1339 1340 1342 1343 1344 
1342,1.1: 1339 1340 1341 1343 1344 1345 
1343,1.1: 1340 1341 1342 1344 1345 1346 
1344,1.1: 1341 1342 1343 1345 1346 1347 
1345,1.1: 1342 1343 1344 1346 1347 1348 
1346,1.1: 1343 1344 1345 1347 1348 1433 
1347,1.2: 1344 1345 1346 1348 1349 1350 1351 
1348,1.1: 1345 1346 1347 1349 1350 1351 
1349,1.1: 1064 1347 1348 1350 1351 1352 
1350,1.1: 158 1347 1348 1349 1352 1353 
1351,1.1: 1347 1348 1349 1352 1353 1354 
1352,1.1: 1349 1350 1351 1353 1354 1355 
1353,1.1: 1350 1351 1352 1354 1355 1356 
1354,1.2: 1234 1351 1352 1353 1355 1356 1357 
1355,1.1: 1352 1353 1354 1356 1357 1358 
1356,1.2: 1231 1353 1354 1355 1357 1358 1359 
1357,1.2: 999 1354 1355 1356 1358 1359 1360 
1358,1.1: 1355 1356 1357 1359 1360 1361 
1359,1.1: 1356 1357 1358 1360 1361 1362 
1360,1.3: 877 1357 1358 1359 1361 1362 1363 1415 
1361,1.1: 1358 1359 1360 1362 1363 1364 
1362,1.1: 1359 1360 1361 1363 1364 1365 
1363,1.1: 1360 1361 1362 1364 1365 1366 
1364,1.1: 1361 1362 1363 1365 1366 1367 
1365,1.2: 1362 1363 1364 1366 1367 1368 1455 
1366,1.1: 1363 1364 1365 1367 1368 
1367,1.1: 1364 1365 1366 1368 1369 1370 
1368,1.1: 114 1365 1366 1367 1370 1371 
1369,1.1: 892 1367 1370 1371 1372 
1370,1.3: 523 1263 1367 1368 1369 1371 1372 1373 
1371,1.1: 1368 1369 1370 1372 1374 
1372,1.2: 1030 1369 1370 1371 1373 1374 1375 
1373,1.1: 1269 1370 1372 1374 1375 1376 
1374,1.1: 828 1371 1372 1373 1376 
1375,1.1: 1214 1372 1373 1376 1377 1378 
1376,1.2: 57 1373 1374 1375 1377 1378 1379 
1377,1.1: 1375 1376 1378 1379 1380 
1378,1.1: 1375 1376 1377 1379 1380 1381 
1379,1.2: 1376 1377 1378 1380 1381 1382 1428 
1380,1.1: 1377 1378 1379 1381 1382 1383 
1381,1.1: 1378 1379 1380 1382 1383 1384 
1382,1.1: 1379 1380 1381 1383 1384 1385 
1383,1.1: 1380 1381 1382 1384 1385 1386 
1384,1.2: 675 1381 1382 1383 1385 1386 1387 
1385,1.1: 1382 1383 1384 1386 1387 1388 
1386,1.1: 1383 1384 1385 1387 1388 1389 
1387,1.1: 1384 1385 1386 1388 1389 1390 
1388,1.1: 1385 1386 1387 1389 1390 1391 
1389,1.1: 1386 1387 1388 1390 1391 1392 
1390,1.1: 1387 1388 1389 1391 1392 1393 
1391,1.1: 1388 1389 1390 1392 1393 1394 
1392,1.2: 421 1389 1390 1391 1393 1394 1395 
1393,1.2: 972 1390 1391 1392 1394 1395 1396 
1394,1.1: 1391 1392 1393 1395 1396 1397 
1395,1.1: 1392 1393 1394 1397 1398 
1396,1.1: 1167 1393 1394 1397 1398 1399 
1397,1.1: 1394 1395 1396 1398 1399 1400 
1398,1.1: 1395 1396 1397 1399 1400 1401 
1399,1.1: 1396 1397 1398 1400 1401 1402 
1400,1.1: 1397 1398 1399 1401 1402 1403 
1401,1.2: 674 1398 1399 1400 1402 1403 1404 
1402,1.1: 1399 1400 1401 1404 1405 
1403,1.1: 860 1400 1401 1404 1405 1406 
1404,1.1: 642 1322 1401 1402 1403 1405 
1405,1.1: 1402 1403 1404 1406 1407 1408 
1406,1.1: 1403 1405 1407 1408 1409 
1407,1.1: 1405 1406 1408 1409 1410 
1408,1.2: 688 1405 1406 1407 1409 1410 1411 
1409,1.1: 1406 1407 1408 1410 1411 1412 
1410,1.1: 1407 1408 1409 1411 1412 1413 
1411,1.1: 1408 1409 1410 1412 1413 1414 
1412,1.1: 598 1041 1409 1410 1411 1415 
1413,0.9: 1410 1411 1414 1416 
1414,1.1: 1411 1413 1415 1416 1417 
1415,1.1: 1360 1412 1414 1416 1417 1418 
1416,1.1: 1413 1414 1415 1417 1418 1419 
1417,1.1: 1414 1415 1416 1418 1419 1420 
1418,1.2: 1060 1415 1416 1417 1419 1420 1421 
1419,1.1: 1416 1417 1418 1420 1421 1422 
1420,1.1: 1417 1418 1419 1421 1422 1423 
1421,1.1: 1418 1419 1420 1422 1423 1424 
1422,1.1: 1419 1420 1421 1424 1425 
1423,1.1: 9 1420 1421 1424 1425 1426 
1424,1.1: 1421 1422 1423 1425 1426 1427 
1425,1.1: 1422 1423 1424 1426 1427 
1426,1.2: 404 1423 1424 1425 1427 1428 1429 
1427,1.2: 23 1424 1425 1426 1428 1429 1430 
1428,1.1: 735 1379 1426 1427 1429 1431 
1429,1.2: 1221 1426 1427 1428 1430 1431 1432 
1430,1.1: 1427 1429 1431 1432 1433 
1431,1.1: 1428 1429 1430 1432 1433 1434 
1432,1.1: 1429 1430 1431 1433 1434 1435 
1433,1.2: 1346 1430 1431 1432 1434 1435 1436 
1434,1.1: 1431 1432 1433 1435 1436 1437 
1435,1.1: 1432 1433 1434 1436 1437 1438 
1436,1.2: 236 1433 1434 1435 1437 1438 1439 
1437,1.1: 999 1434 1435 1436 1439 1440 
1438,1.1: 1435 1436 1439 1440 1441 
1439,1.1: 1436 1437 1438 1440 1441 1442 
1440,1.2: 881 947 1437 1438 1439 1442 1443 
1441,0.9: 1438 1439 1442 1443 
1442,1.1: 174 1439 1440 1441 1443 1445 
1443,1.2: 625 1440 1441 1442 1444 1445 1446 
1444,1.1: 485 1443 1445 1446 1447 
1445,1.1: 1442 1443 1444 1446 1447 1448 
1446,1.1: 1443 1444 1445 1447 1448 1449 
1447,1.1: 1444 1445 1446 1448 1449 1450 
1448,1.1: 1445 1446 1447 1449 1450 1451 
1449,1.1: 1446 1447 1448 1450 1451 1452 
1450,1.1: 1447 1448 1449 1451 1452 1453 
1451,1.1: 1448 1449 1450 1452 1453 1454 
1452,1.1: 1449 1450 1451 1453 1454 1455 
1453,1.1: 1450 1451 1452 1454 1456 
1454,1.2: 1230 1451 1452 1453 1455 1456 1457 
1455,1.1: 1365 1452 1454 1456 1457 1458 
1456,1.1: 1453 1454 1455 1458 1459 
1457,1.2: 402 1072 1454 1455 1458 1459 1460 
1458,1.1: 1455 1456 1457 1459 1460 1461 
1459,1.1: 1456 1457 1458 1460 1461 1462 
1460,1.2: 1457 1458 1459 1461 1462 1463 1471 
1461,1.1: 1458 1459 1460 1462 1463 1464 
1462,1.1: 1459 1460 1461 1463 1464 1465 
1463,1.1: 1128 1460 1461 1462 1464 1465 
1464,1.1: 1461 1462 1463 1465 1466 1467 
1465,1.1: 1462 1463 1464 1466 1467 1468 
1466,1.2: 721 888 1464 1465 1467 1468 1469 
1467,1.1: 1464 1465 1466 1468 1469 1470 
1468,1.1: 1465 1466 1467 1469 1470 1471 
1469,1.1: 1466 1467 1468 1470 1472 
1470,1.1: 1467 1468 1469 1471 1472 1473 
1471,1.1: 1460 1468 1470 1472 1473 1474 
1472,1.1: 1469 1470 1471 1473 1474 1475 
1473,1.1: 1470 1471 1472 1474 1475 1476 
1474,1.1: 1471 1472 1473 1475 1476 1477 
1475,1.1: 1472 1473 1474 1476 1477 1478 
1476,1.1: 1473 1474 1475 1477 1478 1479 
1477,1.1: 1474 1475 1476 1478 1479 1480 
1478,1.1: 1475 1476 1477 1479 1480 1481 
1479,1.1: 1476 1477 1478 1480 1481 1482 
1480,1.1: 1477 1478 1479 1481 1482 1483 
1481,1.1: 1478 1479 1480 1482 1483 1484 
1482,1.1: 1479 1480 1481 1483 1484 1485 
1483,1.1: 1480 1481 1482 1484 1485 1486 
1484,1.1: 1481 1482 1483 1485 1486 1487 
1485,1.1: 1482 1483 1484 1486 1487 1488 
1486,0.9: 1483 1484 1485 1488 
1487,1.1: 862 1484 1485 1488 1489 1490 
1488,1.1: 1485 1486 1487 1489 1490 1491 
1489,1.1: 889 1487 1488 1490 1491 1492 
1490,1.2: 1239 1487 1488 1489 1491 1492 1493 
1491,1.1: 1488 1489 1490 1492 1493 1494 
1492,1.1: 1489 1490 1491 1493 1494 1495 
1493,1.1: 1490 1491 1492 1494 1495 1496 
1494,1.1: 1491 1492 1493 1495 1496 1497 
1495,1.1: 1492 1493 1494 1496 1497 1498 
1496,1.1: 1493 1494 1495 1497 1498 1499 
1497,1.1: 0 1494 1495 1496 1498 1499 
1498,1.1: 0 1 1495 1496 1497 1499 
1499,1.1: 0 1 2 1496 1497 1498 
