500 
0,1.1: 2 3 497 498 499 
1,1.1: 2 3 4 80 498 499 
2,1.2: 0 1 3 4 5 17 106 
3,1.3: 0 1 2 4 5 6 82 272 
4,1.1: 1 2 3 5 6 7 
5,1.1: 2 3 4 6 7 8 
6,1.1: 3 4 5 7 8 9 
7,1.2: 4 5 6 8 9 10 472 
8,1.1: 5 6 7 9 10 11 
9,1.2: 6 7 8 10 11 12 124 
10,1.2: 7 8 9 11 12 13 271 
11,1.1: 8 9 10 12 13 
12,1.2: 9 10 11 13 14 15 106 
13,1.1: 10 11 12 14 15 16 
14,1.1: 12 13 15 16 17 68 
15,1.1: 12 13 14 16 17 18 
16,1.1: 13 14 15 18 19 
17,1.2: 2 14 15 18 19 20 474 
18,1.1: 15 16 17 19 20 21 
19,1.1: 16 17 18 20 21 453 
20,1.1: 17 18 19 21 22 23 
21,1.1: 18 19 20 22 23 24 
22,1.1: 20 21 23 24 25 
23,1.1: 20 21 22 24 26 
24,1.2: 21 22 23 25 26 27 208 
25,1.2: 22 24 26 27 28 413 492 
26,1.1: 23 24 25 27 28 29 
27,1.2: 24 25 26 28 29 30 445 
28,0.9: 25 26 27 30 
29,1.2: 26 27 30 31 32 346 349 
30,1.1: 27 28 29 32 33 41 
31,1.1: 29 32 33 34 62 220 
32,1.1: 29 30 31 33 34 35 
33,1.2: 30 31 32 34 35 36 123 
34,1.1: 31 32 33 35 36 
35,1.2: 32 33 34 36 37 37 38 
36,1.3: 33 34 35 37 38 39 124 234 
37,1.2: 35 35 36 38 39 77 118 
38,1.1: 35 36 37 39 40 41 
39,1.1: 36 37 38 40 41 42 
40,1.1: 38 39 41 42 43 
41,1.2: 30 38 39 40 42 43 44 
42,1.2: 39 40 41 43 44 117 445 
43,1.1: 40 41 42 44 45 46 
44,1.1: 41 42 43 45 46 47 
45,1.1: 43 44 46 47 48 
46,1.1: 43 44 45 47 48 49 
47,1.1: 44 45 46 48 49 361 
48,1.1: 45 46 47 49 50 221 
49,1.2: 46 47 48 50 51 422 461 
50,1.1: 48 49 51 52 53 
51,1.1: 49 50 52 53 54 311 
52,1.1: 50 51 53 54 55 
53,1.1: 50 51 52 54 56 
54,1.1: 51 52 53 55 56 57 
55,1.2: 52 54 56 57 58 299 479 
56,1.1: 53 54 55 57 58 59 
57,1.1: 54 55 56 58 59 60 
58,1.1: 55 56 57 59 60 61 
59,1.1: 56 57 58 60 61 62 
60,1.1: 57 58 59 62 326 
61,1.1: 58 59 62 63 64 
62,1.1: 31 59 60 61 64 65 
63,1.1: 61 64 65 66 458 
64,1.1: 61 62 63 65 66 67 
65,1.1: 62 63 64 66 68 
66,1.1: 63 64 65 67 68 229 
67,1.1: 64 66 69 70 431 
68,1.1: 14 65 66 69 70 
69,1.1: 67 68 70 71 72 89 
70,1.1: 67 68 69 72 73 281 
71,1.1: 69 72 73 74 422 446 
72,1.1: 69 70 71 73 74 75 
73,1.1: 70 71 72 74 75 76 
74,1.2: 71 72 73 75 76 77 322 
75,1.1: 72 73 74 77 78 443 
76,1.1: 73 74 77 78 271 
77,1.1: 37 74 75 76 78 80 
78,1.1: 75 76 77 79 80 81 
79,1.2: 78 81 82 235 275 457 457 
80,1.3: 1 77 78 81 82 83 375 394 
81,1.1: 78 79 80 82 83 84 
82,1.1: 3 79 80 81 83 84 
83,1.1: 80 81 82 84 85 86 
84,1.1: 81 82 83 85 86 87 
85,1.1: 83 84 86 87 88 
86,1.2: 83 84 85 87 88 234 422 
87,1.1: 84 85 86 88 89 90 
88,1.1: 85 86 87 89 90 91 
89,1.1: 69 87 88 90 91 92 
90,1.1: 87 88 89 91 92 93 
91,1.1: 88 89 90 93 94 383 
92,1.2: 89 90 93 94 95 221 396 
93,1.1: 90 91 92 96 468 
94,1.1: 91 92 95 96 97 99 
95,1.1: 92 94 97 98 126 
96,1.1: 93 94 97 98 99 
97,1.1: 94 95 96 98 99 100 
98,1.1: 95 96 97 99 100 101 
99,1.2: 94 96 97 98 100 101 102 
100,1.1: 97 98 99 101 102 103 
101,1.1: 98 99 100 102 104 176 
102,1.1: 99 100 101 103 104 105 
103,1.1: 100 102 104 105 397 
104,1.2: 101 102 103 105 106 107 240 
105,1.1: 102 103 104 106 107 108 
106,1.3: 2 12 104 105 107 109 169 255 
107,1.2: 104 105 106 108 109 110 228 
108,1.1: 105 107 110 111 340 
109,1.1: 106 107 110 111 112 
110,1.1: 107 108 109 111 113 452 
111,1.1: 108 109 110 112 113 114 
112,1.1: 109 111 113 114 115 
113,1.1: 110 111 112 115 116 
114,1.1: 111 112 115 116 117 396 
115,1.1: 112 113 114 117 118 
116,1.2: 113 114 117 119 194 291 435 
117,1.1: 42 114 115 116 119 120 
118,1.1: 37 115 119 120 121 446 
119,1.1: 116 117 118 120 121 122 
120,1.1: 117 118 119 121 122 123 
121,1.1: 118 119 120 122 123 124 
122,1.1: 119 120 121 125 461 
123,1.1: 33 120 121 124 125 126 
124,1.1: 9 36 121 123 125 
125,1.1: 122 123 124 126 128 306 
126,1.1: 95 123 125 127 128 129 
127,0.9: 126 128 129 130 
128,1.1: 125 126 127 129 130 131 
129,1.1: 126 127 128 130 131 467 
130,1.1: 127 128 129 131 132 133 
131,1.1: 128 129 130 132 133 141 
132,1.1: 130 131 133 134 135 
133,1.1: 130 131 132 134 135 402 
134,1.2: 132 133 135 136 137 266 306 
135,1.2: 132 133 134 136 138 424 439 
136,1.1: 134 135 137 138 139 259 
137,1.1: 134 136 138 139 140 
138,1.1: 135 136 137 140 141 288 
139,1.1: 136 137 140 141 142 
140,1.2: 137 138 139 141 142 143 317 
141,1.2: 131 138 139 140 142 144 432 
142,1.2: 139 140 141 143 144 145 381 
143,1.1: 140 142 144 145 146 
144,1.1: 141 142 143 146 172 
145,1.1: 142 143 146 147 148 299 
146,1.1: 143 144 145 147 148 149 
147,1.1: 145 146 148 149 296 
148,1.1: 145 146 147 149 150 151 
149,1.1: 146 147 148 150 151 152 
150,1.1: 148 149 151 152 153 242 
151,1.2: 148 149 150 153 154 338 414 
152,1.2: 149 150 153 154 155 391 418 
153,1.1: 150 151 152 154 155 156 
154,1.1: 151 152 153 155 157 
155,1.1: 152 153 154 156 157 158 
156,1.1: 153 155 157 158 159 243 
157,1.1: 154 155 156 158 159 160 
158,1.1: 155 156 157 159 160 161 
159,1.1: 156 157 158 160 161 
160,1.1: 157 158 159 161 162 163 
161,1.1: 158 159 160 162 163 164 
162,1.1: 160 161 163 164 308 
163,1.1: 160 161 162 164 165 166 
164,1.1: 161 162 163 165 166 167 
165,1.1: 163 164 166 167 168 
166,1.1: 163 164 165 167 168 169 
167,1.1: 164 165 166 168 169 170 
168,1.1: 165 166 167 170 171 
169,1.1: 106 166 167 170 171 172 
170,1.1: 167 168 169 171 172 173 
171,1.1: 168 169 170 172 173 174 
172,1.2: 144 169 170 171 173 174 175 
173,1.1: 170 171 172 175 176 
174,1.2: 171 172 175 176 177 247 331 
175,1.1: 172 173 174 177 178 
176,1.1: 101 173 174 177 178 179 
177,1.1: 174 175 176 178 179 180 
178,1.1: 175 176 177 179 180 181 
179,1.1: 176 177 178 180 181 182 
180,1.1: 177 178 179 181 182 183 
181,1.1: 178 179 180 182 183 184 
182,1.1: 179 180 181 183 184 185 
183,1.1: 180 181 182 184 185 186 
184,1.1: 181 182 183 185 187 
185,1.2: 182 183 184 186 187 188 444 
186,1.1: 183 185 187 188 189 480 
187,1.1: 184 185 186 188 189 190 
188,1.1: 185 186 187 189 190 191 
189,1.1: 186 187 188 190 191 192 
190,1.1: 187 188 189 191 192 193 
191,1.1: 188 189 190 192 193 194 
192,1.2: 189 190 191 193 194 195 248 
193,1.1: 190 191 192 194 195 196 
194,1.1: 116 191 192 193 195 197 
195,1.1: 192 193 194 196 197 198 
196,1.1: 193 195 197 198 441 
197,1.1: 194 195 196 198 199 200 
198,1.1: 195 196 197 199 200 201 
199,1.1: 197 198 200 201 202 
200,1.1: 197 198 199 201 202 203 
201,1.1: 198 199 200 202 203 204 
202,1.1: 199 200 201 203 205 
203,1.1: 200 201 202 204 205 206 
204,1.1: 201 203 205 206 207 319 
205,1.1: 202 203 204 206 207 208 
206,1.1: 203 204 205 207 209 
207,1.1: 204 205 206 208 209 210 
208,1.1: 24 205 207 209 336 480 
209,1.1: 206 207 208 210 211 212 
210,1.1: 207 209 211 212 213 
211,1.1: 209 210 212 214 453 
212,1.1: 209 210 211 213 214 215 
213,1.1: 210 212 214 215 216 
214,1.1: 211 212 213 215 216 217 
215,1.1: 212 213 214 216 217 218 
216,1.1: 213 214 215 217 219 371 
217,1.2: 214 215 216 218 219 220 264 
218,0.9: 215 217 219 220 
219,1.1: 216 217 218 220 221 222 
220,1.2: 31 217 218 219 221 222 223 
221,1.2: 48 92 219 220 222 224 498 
222,1.1: 219 220 221 223 224 225 
223,1.1: 220 222 224 225 226 261 
224,1.1: 221 222 223 226 227 
225,1.2: 222 223 226 227 228 280 439 
226,1.1: 223 224 225 227 228 229 
227,1.1: 224 225 226 228 229 230 
228,1.1: 107 225 226 227 229 231 
229,1.1: 66 226 227 228 231 232 
230,0.9: 227 231 232 233 
231,1.1: 228 229 230 232 233 234 
232,1.1: 229 230 231 233 234 235 
233,1.1: 230 231 232 234 235 236 
234,1.2: 36 86 231 232 233 236 237 
235,1.1: 79 232 233 236 237 
236,1.1: 233 234 235 237 238 239 
237,1.1: 234 235 236 238 239 240 
238,0.9: 236 237 239 241 
239,1.1: 236 237 238 240 241 242 
240,1.1: 104 237 239 242 243 288 
241,1.1: 238 239 242 243 244 
242,1.2: 150 239 240 241 243 244 245 
243,1.3: 156 240 241 242 244 245 246 295 321 
244,1.1: 241 242 243 245 246 247 
245,1.1: 242 243 244 246 247 248 
246,1.1: 243 244 245 247 248 249 
247,1.2: 174 244 245 246 248 249 250 
248,1.1: 192 245 246 247 250 251 
249,1.1: 246 247 250 251 252 
250,1.2: 247 248 249 251 252 253 311 
251,1.2: 248 249 250 252 253 254 441 
252,1.1: 249 250 251 253 254 255 
253,1.1: 250 251 252 254 255 256 
254,1.1: 251 252 253 255 256 257 
255,1.2: 106 252 253 254 256 257 258 
256,1.1: 253 254 255 257 258 259 
257,1.1: 254 255 256 258 260 326 
258,1.1: 255 256 257 259 260 261 
259,1.1: 136 256 258 261 262 397 
260,1.1: 257 258 261 262 263 
261,1.1: 223 258 259 260 262 264 
262,1.1: 259 260 261 263 264 265 
263,0.9: 260 262 265 266 
264,1.1: 217 261 262 265 266 267 
265,1.2: 262 263 264 266 267 268 295 
266,1.2: 134 263 264 265 267 268 269 
267,1.1: 264 265 266 268 269 270 
268,1.1: 265 266 267 269 270 
269,1.1: 266 267 268 270 271 
270,1.1: 267 268 269 271 272 273 
271,1.1: 10 76 269 270 272 274 
272,1.1: 3 270 271 273 274 275 
273,1.1: 270 272 274 275 276 440 
274,1.2: 271 272 273 275 276 277 359 
275,1.2: 79 272 273 274 276 278 400 
276,1.2: 273 274 275 277 278 279 434 
277,1.1: 274 276 278 279 280 
278,1.1: 275 276 277 279 280 281 
279,1.1: 276 277 278 281 282 
280,1.1: 225 277 278 282 283 
281,1.1: 70 278 279 282 283 284 
282,1.2: 279 280 281 283 284 285 489 
283,1.1: 280 281 282 284 285 286 
284,1.1: 281 282 283 285 286 363 
285,1.2: 282 283 284 286 287 288 480 
286,1.1: 283 284 285 287 288 289 
287,1.1: 285 286 288 289 290 
288,1.3: 138 240 285 286 287 289 290 291 
289,1.1: 286 287 288 290 291 292 
290,1.1: 287 288 289 291 292 293 
291,1.2: 116 288 289 290 292 293 488 
292,1.1: 289 290 291 293 294 
293,1.1: 290 291 292 294 296 
294,1.1: 292 293 295 296 297 346 
295,1.2: 243 265 294 296 297 298 466 
296,1.1: 147 293 294 295 298 299 
297,1.1: 294 295 298 299 300 
298,1.1: 295 296 297 299 300 301 
299,1.3: 55 145 296 297 298 300 301 302 486 
300,1.1: 297 298 299 301 302 303 
301,1.1: 298 299 300 302 303 304 
302,1.1: 299 300 301 303 304 305 
303,1.1: 300 301 302 304 305 306 
304,1.2: 301 302 303 305 306 424 432 
305,1.1: 302 303 304 306 307 308 
306,1.3: 125 134 303 304 305 307 308 476 
307,1.1: 305 306 308 309 310 
308,1.1: 162 305 306 307 309 311 
309,0.9: 307 308 310 312 
310,1.1: 307 309 311 312 412 430 
311,1.2: 51 250 308 310 312 313 314 
312,1.1: 309 310 311 313 314 315 
313,0.9: 311 312 314 315 
314,1.1: 311 312 313 315 316 317 
315,1.1: 312 313 314 316 318 
316,1.2: 314 315 317 318 319 330 351 
317,1.1: 140 314 316 318 319 397 
318,1.1: 315 316 317 319 320 321 
319,1.3: 204 316 317 318 320 321 322 452 
320,1.1: 318 319 321 322 323 
321,1.2: 243 318 319 320 323 324 351 
322,1.1: 74 319 320 323 324 325 
323,1.1: 320 321 322 324 325 326 
324,1.2: 321 322 323 325 326 327 327 
325,1.1: 322 323 324 326 327 328 
326,1.3: 60 257 323 324 325 327 328 329 
327,1.1: 324 324 325 326 328 329 
328,1.1: 325 326 327 329 330 331 
329,1.1: 326 327 328 330 332 
330,1.1: 316 328 329 331 332 333 
331,1.1: 174 328 330 332 333 334 
332,1.1: 329 330 331 333 334 335 
333,1.1: 330 331 332 334 335 336 
334,1.1: 331 332 333 335 336 337 
335,1.1: 332 333 334 336 337 453 
336,1.2: 208 333 334 335 337 338 339 
337,1.1: 334 335 336 338 339 340 
338,1.1: 151 336 337 339 340 341 
339,1.1: 336 337 338 340 341 342 
340,1.2: 108 337 338 339 341 342 343 
341,1.1: 338 339 340 342 343 344 
342,1.1: 339 340 341 343 344 345 
343,1.1: 340 341 342 344 345 
344,1.1: 341 342 343 345 347 
345,1.2: 342 343 344 346 347 348 493 
346,1.1: 29 294 345 347 348 349 
347,1.1: 344 345 346 348 349 350 
348,1.1: 345 346 347 349 350 
349,1.1: 29 346 347 348 350 352 
350,1.1: 347 348 349 352 353 368 
351,1.1: 316 321 352 353 354 
352,1.1: 349 350 351 353 354 355 
353,1.1: 350 351 352 354 355 356 
354,1.1: 351 352 353 356 357 
355,1.1: 352 353 356 357 358 410 
356,1.1: 353 354 355 357 358 359 
357,1.1: 354 355 356 358 359 360 
358,1.1: 355 356 357 359 360 361 
359,1.1: 274 356 357 358 360 362 
360,1.1: 357 358 359 361 362 363 
361,1.1: 47 358 360 362 363 364 
362,1.1: 359 360 361 363 364 365 
363,1.2: 284 360 361 362 364 365 366 
364,1.1: 361 362 363 365 367 
365,1.1: 362 363 364 366 367 368 
366,1.1: 363 365 367 368 369 419 
367,1.1: 364 365 366 368 369 370 
368,1.2: 350 365 366 367 369 370 371 
369,1.1: 366 367 368 370 372 395 
370,1.2: 367 368 369 371 372 373 454 
371,1.1: 216 368 370 372 373 374 
372,1.1: 369 370 371 373 374 375 
373,1.1: 370 371 372 375 376 
374,0.9: 371 372 375 377 
375,1.2: 80 372 373 374 376 377 378 
376,1.1: 373 375 377 378 379 484 
377,1.1: 374 375 376 378 379 380 
378,1.1: 375 376 377 379 380 381 
379,1.1: 376 377 378 380 381 382 
380,1.1: 377 378 379 382 383 472 
381,1.1: 142 378 379 382 384 
382,1.1: 379 380 381 383 385 
383,1.1: 91 380 382 384 386 
384,1.1: 381 383 385 386 387 440 
385,1.1: 382 384 386 387 388 
386,1.1: 383 384 385 387 388 389 
387,1.1: 384 385 386 388 389 390 
388,1.1: 385 386 387 389 390 391 
389,1.1: 386 387 388 390 391 392 
390,1.1: 387 388 389 391 392 393 
391,1.1: 152 388 389 390 393 394 
392,1.1: 389 390 393 394 395 
393,1.1: 390 391 392 394 395 396 
394,1.1: 80 391 392 393 395 396 
395,1.2: 369 392 393 394 396 397 398 
396,1.1: 92 114 393 394 395 399 
397,1.2: 103 259 317 395 398 399 400 
398,1.1: 395 397 399 400 401 
399,1.1: 396 397 398 400 401 402 
400,1.2: 275 397 398 399 401 402 403 
401,1.1: 398 399 400 403 404 
402,1.3: 133 399 400 403 404 405 427 464 
403,1.1: 400 401 402 404 405 406 
404,1.1: 401 402 403 405 406 407 
405,1.1: 402 403 404 406 407 408 
406,1.1: 403 404 405 407 408 409 
407,1.1: 404 405 406 408 409 410 
408,1.1: 405 406 407 409 410 411 
409,1.1: 406 407 408 410 411 412 
410,1.2: 355 407 408 409 411 412 413 
411,1.1: 408 409 410 412 413 414 
412,1.2: 310 409 410 411 413 414 415 
413,1.1: 25 410 411 412 415 416 
414,1.1: 151 411 412 415 416 417 
415,1.1: 412 413 414 416 417 418 
416,1.1: 413 414 415 417 418 419 
417,1.1: 414 415 416 419 420 
418,1.1: 152 415 416 419 420 435 
419,1.1: 366 416 417 418 420 421 
420,1.1: 417 418 419 421 422 423 
421,1.1: 419 420 422 423 424 
422,1.2: 49 71 86 420 421 423 424 
423,1.1: 420 421 422 424 425 426 
424,1.3: 135 304 421 422 423 425 426 427 
425,0.9: 423 424 426 428 
426,1.1: 423 424 425 427 428 
427,1.1: 402 424 426 429 430 
428,1.1: 425 426 429 430 431 431 
429,1.1: 427 428 430 431 432 434 
430,1.1: 310 427 428 429 431 433 
431,1.3: 67 428 428 429 430 432 433 434 
432,1.1: 141 304 429 431 433 435 
433,1.1: 430 431 432 434 435 436 
434,1.1: 276 429 431 433 436 
435,1.2: 116 418 432 433 436 437 438 
436,1.1: 433 434 435 437 438 439 
437,0.9: 435 436 438 440 
438,1.1: 435 436 437 439 440 441 
439,1.2: 135 225 436 438 440 441 442 
440,1.1: 273 384 437 438 439 443 
441,1.2: 196 251 438 439 442 443 444 
442,0.9: 439 441 443 444 
443,1.3: 75 440 441 442 444 445 446 477 
444,1.1: 185 441 442 443 445 447 
445,1.2: 27 42 443 444 446 447 448 
446,1.2: 71 118 443 445 447 448 449 
447,1.1: 444 445 446 448 449 450 
448,1.1: 445 446 447 449 450 451 
449,1.1: 446 447 448 450 451 469 
450,1.1: 447 448 449 451 452 453 
451,1.1: 448 449 450 452 453 454 
452,1.1: 110 319 450 451 454 455 
453,1.2: 19 211 335 450 451 454 462 
454,1.1: 370 451 452 453 456 
455,0.9: 452 456 457 458 
456,1.1: 454 455 457 458 459 
457,1.2: 79 79 455 456 458 459 460 
458,1.2: 63 455 456 457 459 460 461 
459,1.1: 456 457 458 460 461 462 
460,1.1: 457 458 459 461 462 463 
461,1.3: 49 122 458 459 460 462 463 464 
462,1.2: 453 459 460 461 463 464 465 
463,1.1: 460 461 462 464 465 466 
464,1.1: 402 461 462 463 465 
465,1.1: 462 463 464 466 467 468 
466,1.1: 295 463 465 467 468 469 
467,1.1: 129 465 466 468 469 470 
468,1.2: 93 465 466 467 469 470 471 
469,1.2: 449 466 467 468 470 471 472 
470,1.1: 467 468 469 471 473 
471,1.1: 468 469 470 472 473 474 
472,1.2: 7 380 469 471 473 474 475 
473,1.1: 470 471 472 474 475 476 
474,1.1: 17 471 472 473 475 477 
475,1.1: 472 473 474 476 477 478 
476,1.1: 306 473 475 477 479 
477,1.2: 443 474 475 476 478 479 480 
478,1.1: 475 477 479 480 481 
479,1.2: 55 476 477 478 480 481 482 
480,1.3: 186 208 285 477 478 479 481 482 
481,1.1: 478 479 480 482 483 484 
482,1.1: 479 480 481 483 484 485 
483,1.1: 481 482 484 485 486 
484,1.2: 376 481 482 483 485 486 487 
485,1.1: 482 483 484 486 487 488 
486,1.1: 299 483 484 485 487 489 
487,1.1: 484 485 486 488 490 
488,1.1: 291 485 487 489 490 491 
489,1.1: 282 486 488 490 491 492 
490,1.1: 487 488 489 491 492 493 
491,1.1: 488 489 490 492 493 494 
492,1.1: 25 489 490 491 494 495 
493,1.1: 345 490 491 494 495 496 
494,1.1: 491 492 493 495 496 497 
495,1.1: 492 493 494 496 497 498 
496,1.1: 493 494 495 497 498 499 
497,1.1: 0 494 495 496 498 499 
498,1.2: 0 1 221 495 496 497 499 
499,1.1: 0 1 496 497 498 
