2500 
0,1.2: 1 2 5 8 18 20 27 28 30 31 39 43 45 48 49 55 57 60 78 80 81 82 92 98 99 106 111 149 155 168 175 180 191 193 201 205 209 211 218 219 221 243 256 257 260 262 290 296 311 314 349 413 421 464 510 512 524 536 538 547 559 585 590 591 602 632 644 695 716 719 723 728 741 742 777 795 823 849 852 874 884 898 914 932 962 1007 1012 1030 1062 1136 1158 1177 1180 1188 1217 1218 1235 1273 1298 1340 1489 1507 1510 1529 1565 1566 1601 1620 1623 1630 1745 1751 1825 1846 1863 1967 1981 1993 2026 2045 2077 2086 2089 2104 2254 2266 2283 2362 2371 2396 2456 2484 
1,1.1: 0 3 4 6 7 9 10 11 12 14 17 23 37 38 44 64 84 88 110 117 122 136 137 143 153 162 163 172 189 217 220 238 255 263 272 320 326 336 373 389 420 429 461 488 506 526 548 560 570 571 752 773 861 871 890 938 940 952 963 1000 1040 1049 1067 1099 1107 1138 1172 1190 1208 1214 1231 1239 1266 1286 1301 1355 1364 1385 1439 1443 1446 1466 1536 1580 1582 1627 1635 1714 1770 1800 1822 1888 1895 1928 2080 2088 2186 2214 2311 2341 2415 2476 2497 
2,0.5: 0 51 87 164 573 653 754 848 1005 1148 1293 1303 1320 1422 1794 1828 2461 
3,1: 1 53 250 285 318 335 580 1127 1500 1548 
4,0.9: 1 15 89 274 283 490 575 626 885 893 1329 1416 1445 1583 1649 1954 2218 
5,0.9: 0 29 77 95 104 116 160 179 199 204 207 213 248 275 278 305 341 372 411 499 520 542 612 620 628 641 645 650 672 707 731 758 802 804 854 855 888 936 953 1105 1248 1373 1495 1647 1696 1728 1870 1999 2193 2257 2422 2485 2494 
6,0.2: 1 124 
7,1: 1 13 16 21 41 115 166 190 227 427 605 662 934 1297 1331 1599 1860 1885 1958 
8,0.6: 0 225 
9,1.3: 1 22 54 66 216 364 467 476 606 674 706 750 994 1008 1278 1709 1739 1821 1959 2062 2403 2413 
10,0.7: 1 588 827 1759 2244 
11,1.2: 1 19 105 192 567 648 683 689 847 1168 1325 1788 
12,0.9: 1 93 138 156 200 410 1126 1402 1523 1718 2425 
13,1.1: 7 869 1339 1512 
14,1.4: 1 714 1564 
15,0.4: 4 26 33 50 65 74 159 169 202 212 214 228 269 271 288 371 423 474 495 610 740 743 807 946 1171 1184 1296 1389 1448 1633 1754 1777 1824 1827 1952 2149 2291 2460 2462 
16,0.9: 7 627 
17,1.2: 1 125 242 405 1989 2142 
18,0.9: 0 32 40 72 439 465 636 671 817 907 931 1035 1130 1281 1551 1996 2239 2407 
19,0.2: 11 24 70 108 126 142 239 327 800 909 1423 1624 1979 2124 
20,1: 0 25 34 35 47 181 1341 2187 
21,0.9: 7 68 140 148 194 331 348 428 443 509 562 753 920 1013 1169 1175 1183 1209 1587 1655 1692 1747 1798 1833 2180 2301 2342 
22,0.6: 9 62 746 756 1046 1227 2039 2161 
23,0.3: 1 
24,0.9: 19 784 1665 
25,0.6: 20 46 700 
26,1.4: 15 
27,0.4: 0 36 42 158 390 701 783 939 1194 1244 1369 1811 2265 2355 
28,0.4: 0 
29,1: 5 639 
30,0.3: 0 91 127 132 352 361 380 699 763 1663 1686 1830 1853 2133 2272 2281 
31,0.7: 0 249 409 460 652 1723 1978 
32,0.9: 18 402 497 801 810 1037 1246 
33,1.5: 15 150 727 760 879 900 923 1048 1664 1926 2444 2452 
34,0.9: 20 300 2450 
35,1.3: 20 71 101 790 
36,1.4: 27 56 83 245 259 268 306 365 395 989 1073 1271 2335 
37,0.5: 1 
38,0.9: 1 75 85 114 165 500 604 833 901 1558 1670 1950 2128 
39,0.7: 0 649 
40,0.1: 18 94 215 617 619 1016 
41,1.2: 7 61 342 1283 1905 
42,0.7: 27 
43,1.2: 0 58 67 73 113 131 224 593 825 846 1011 1116 1312 1610 1675 1826 1838 2051 2066 2233 
44,0.3: 1 59 79 151 354 388 449 811 1095 1424 1588 2075 2103 2105 2467 
45,0.8: 0 2375 
46,1.3: 25 614 739 770 858 1001 1074 1230 
47,1.1: 20 230 582 1516 
48,0.3: 0 52 188 925 
49,0.3: 0 
50,0.5: 15 
51,0.8: 2 1567 
52,1.3: 48 
53,1.4: 3 
54,1.4: 9 86 226 383 481 498 1212 1590 1752 2275 2414 
55,1.3: 0 170 507 792 1191 1332 2324 
56,1.1: 36 233 448 528 819 1059 1071 1609 1957 2246 
57,1.4: 0 
58,1.5: 43 63 186 301 345 350 623 837 911 1473 1773 
59,0.7: 44 69 134 171 304 440 818 895 921 965 1034 1399 1496 2227 
60,0.3: 0 90 391 774 1023 1178 1896 
61,0.4: 41 396 1648 
62,0.5: 22 241 307 438 456 768 1163 
63,0.8: 58 103 419 534 984 1167 1480 2145 
64,0.9: 1 107 247 1643 2067 
65,0.1: 15 308 624 693 1697 
66,0.9: 9 
67,0.3: 43 917 
68,1.3: 21 
69,0.8: 59 1606 
70,0.7: 19 112 130 173 281 505 850 1166 
71,0.4: 35 415 1499 
72,0.6: 18 76 109 145 161 297 340 463 556 1164 1457 1971 
73,0.6: 43 
74,1.4: 15 339 458 838 1162 1543 1837 2079 2358 
75,0.4: 38 344 358 379 445 482 613 1425 1528 1621 2122 2189 2276 2285 2364 
76,1.5: 72 
77,0.9: 5 363 386 414 457 948 1835 1876 1968 2112 2339 
78,1.1: 0 
79,1.2: 44 121 775 1351 1404 1618 1699 
80,1: 0 235 1342 
81,0.3: 0 177 210 284 289 315 525 
82,0.9: 0 100 1185 1234 1674 2037 2139 
83,1: 36 621 1155 1706 1783 2206 
84,0.2: 1 96 223 273 279 451 479 1004 1430 1531 1651 1681 1906 1920 2221 2363 2489 
85,0.6: 38 486 1003 1308 1917 
86,0.5: 54 184 222 691 708 865 1568 1636 
87,0.5: 2 1629 
88,0.9: 1 319 333 343 1334 
89,0.2: 4 102 310 468 663 1132 1421 1893 2389 
90,1.2: 60 
91,0.4: 30 123 392 836 1115 1204 2209 
92,1: 0 
93,1.2: 12 237 309 412 422 1201 
94,0.4: 40 135 286 638 771 843 1080 1106 2047 
95,0.7: 5 1851 
96,1: 84 97 267 529 530 543 551 601 1018 1020 1100 1135 1170 1193 1547 1644 1702 1762 2262 
97,0.5: 96 
98,0.6: 0 183 480 
99,1.5: 0 139 144 685 1050 1160 1213 1287 1561 1806 
100,0.4: 82 545 2201 
101,0.9: 35 128 157 550 958 
102,1.2: 89 1395 1969 
103,0.1: 63 
104,0.1: 5 
105,0.5: 11 133 360 660 1198 
106,0.4: 0 196 424 470 477 584 631 1151 1203 1354 1581 1585 1973 2163 2472 
107,0.2: 64 2002 
108,0.4: 19 357 1657 
109,0.5: 72 118 496 615 1089 
110,0.3: 1 119 234 298 359 417 1124 1300 1409 1985 2333 2441 2453 
111,1.1: 0 677 
112,0.7: 70 147 198 1047 1812 1915 2392 
113,0.6: 43 
114,1.3: 38 313 351 1139 1145 1370 1388 1463 1541 1631 1708 2126 2172 
115,1.4: 7 558 
116,1.3: 5 426 517 531 1526 1803 2194 
117,1: 1 398 432 608 681 1015 1092 1321 1600 
118,0.2: 109 
119,0.9: 110 120 154 729 896 1563 
120,1: 119 277 1437 
121,1: 79 
122,1.5: 1 146 178 231 704 1133 1578 1964 
123,0.8: 91 
124,0.4: 6 
125,1.2: 17 129 232 299 323 978 1219 1426 1476 1538 2390 2439 
126,0.4: 19 1024 
127,0.4: 30 330 491 1057 1295 1468 
128,0.2: 101 167 1259 1379 
129,0.6: 125 587 1319 
130,0.7: 70 152 
131,0.2: 43 
132,0.8: 30 141 317 724 762 798 2426 
133,0.5: 105 1061 1539 1810 1843 2370 
134,1.2: 59 
135,0.5: 94 788 797 1043 
136,1.3: 1 487 2082 
137,0.2: 1 425 1252 
138,1.2: 12 185 881 1458 
139,1.4: 99 899 1144 1454 1619 1741 2004 2052 
140,0.5: 21 261 384 973 1027 1060 1123 1224 1524 2018 
141,0.5: 132 
142,0.4: 19 454 640 2029 2481 
143,1.2: 1 
144,0.1: 99 1451 1818 1910 2183 2314 
145,1.3: 72 312 322 886 
146,0.3: 122 1128 1129 1405 1816 
147,0.7: 112 377 494 
148,1.3: 21 1593 
149,1: 0 187 229 950 1206 1579 
150,1.2: 33 393 1131 1147 
151,1.3: 44 
152,0.3: 130 2212 
153,1.1: 1 266 611 657 1197 1481 1550 1646 1850 2347 
154,1.5: 119 
155,0.3: 0 1477 
156,0.7: 12 253 316 553 1598 1625 1679 
157,0.7: 101 
158,0.5: 27 
159,1.1: 15 789 1591 1726 2455 
160,1: 5 176 2220 2428 
161,1.4: 72 182 280 346 408 656 2156 
162,1.1: 1 
163,0.8: 1 599 1053 1854 
164,0.3: 2 240 270 375 397 407 430 466 1199 1352 1535 1746 1848 2023 
165,1.5: 38 535 
166,0.8: 7 435 453 665 710 2166 2274 2471 
167,1.3: 128 
168,0.6: 0 659 
169,1.4: 15 982 
170,1.1: 55 195 206 554 705 1238 1537 2320 
171,0.6: 59 203 1449 1946 2279 
172,0.6: 1 324 1710 1809 
173,0.1: 70 174 416 957 2308 
174,0.2: 173 
175,0.9: 0 
176,0.3: 160 437 2259 
177,0.8: 81 1392 
178,1.1: 122 1186 
179,0.8: 5 
180,1.2: 0 2258 
181,0.5: 20 
182,1.1: 161 293 328 589 
183,0.5: 98 
184,0.7: 86 
185,0.1: 138 
186,0.8: 58 1572 
187,0.4: 149 244 433 702 738 831 1096 1243 1365 1521 1862 1942 2235 2236 2418 2443 
188,0.8: 48 295 566 
189,0.7: 1 404 867 2470 
190,0.6: 7 1102 
191,1.4: 0 401 1251 1570 1945 2234 
192,0.5: 11 251 374 378 406 555 569 1427 1995 2195 
193,1.2: 0 254 355 511 598 
194,1.5: 21 246 812 2269 
195,0.4: 170 
196,1.4: 106 197 1774 1834 
197,0.8: 196 
198,1.1: 112 208 370 403 549 583 646 803 832 968 1041 1085 1264 1442 1937 2083 2134 2213 2305 
199,1.3: 5 436 622 
200,0.5: 12 
201,0.4: 0 
202,0.7: 15 721 1660 1980 2069 
203,1.2: 171 387 629 809 
204,0.4: 5 508 1683 2409 
205,0.9: 0 472 568 745 906 1546 
206,0.7: 170 
207,1.2: 5 394 2264 
208,1.1: 198 
209,0.3: 0 252 282 450 475 503 592 643 711 1137 1200 1250 1639 1970 
210,0.4: 81 2289 
211,1.3: 0 367 1653 1868 2458 
212,0.4: 15 353 857 935 1157 1614 
213,0.3: 5 523 578 824 980 
214,1.1: 15 303 655 919 1179 1360 1927 2000 
215,0.5: 40 302 793 1119 1431 2284 
216,0.6: 9 376 446 
217,0.5: 1 
218,0.7: 0 1335 1398 1452 1603 
219,0.9: 0 
220,1.5: 1 
221,1.1: 0 236 2359 
222,1.3: 86 264 473 572 720 997 1412 
223,1.4: 84 1779 
224,1.3: 43 2367 
225,0.3: 8 
226,0.7: 54 276 
227,0.6: 7 688 2473 
228,1.4: 15 258 821 1082 1465 1729 1792 2056 
229,0.1: 149 399 913 1134 1592 
230,0.2: 47 325 
231,1.1: 122 292 366 862 972 
232,0.5: 125 2190 
233,1.5: 56 539 633 1433 2185 
234,1.1: 110 
235,0.5: 80 265 1491 
236,1.5: 221 574 876 1302 1562 2495 
237,1: 93 362 1079 1142 1267 1270 2488 
238,1.4: 1 
239,0.8: 19 321 
240,0.7: 164 287 332 334 1068 1941 
241,1.2: 62 
242,0.4: 17 368 418 2316 
243,1.3: 0 563 815 1730 
244,1.4: 187 294 
245,1: 36 951 1659 
246,0.9: 194 
247,1.1: 64 1817 2287 2309 
248,0.4: 5 926 
249,0.1: 31 
250,0.8: 3 2405 
251,0.7: 192 
252,1.1: 209 1652 1701 
253,0.3: 156 
254,0.2: 193 
255,0.2: 1 2011 
256,1.1: 0 2332 
257,1.4: 0 686 
258,0.2: 228 513 603 991 1518 
259,0.3: 36 337 381 642 697 
260,1.4: 0 
261,1.4: 140 680 1223 
262,0.4: 0 291 
263,1: 1 
264,0.7: 222 910 1207 
265,1.3: 235 
266,1.3: 153 990 1215 1700 
267,1: 96 
268,0.6: 36 1376 2230 
269,1.4: 15 607 2334 
270,1: 164 
271,0.6: 15 
272,0.2: 1 
273,1.3: 84 1361 
274,1.1: 4 979 1955 
275,0.2: 5 1202 1642 2292 2440 
276,1.3: 226 385 586 1058 1482 
277,1.3: 120 1232 
278,0.2: 5 382 442 730 1420 2153 
279,0.5: 84 2433 
280,0.2: 161 
281,1.2: 70 658 1086 1944 
282,0.7: 209 
283,0.6: 4 749 2150 
284,0.6: 81 971 2108 
285,0.5: 3 755 
286,0.3: 94 2076 
287,0.2: 240 
288,0.3: 15 845 1088 2181 
289,1: 81 1612 2034 
290,0.6: 0 452 835 961 1519 
291,0.3: 262 369 
292,0.9: 231 329 703 
293,0.5: 182 484 502 541 1104 1933 2131 2277 
294,0.9: 244 2329 
295,0.3: 188 
296,0.7: 0 2178 
297,0.9: 72 897 2229 
298,0.6: 110 1509 1736 1797 1871 1939 2013 2321 2385 
299,1: 125 
300,1.5: 34 347 1705 1951 1991 
301,0.8: 58 338 600 2084 2243 
302,1.4: 215 
303,0.2: 214 
304,1.4: 59 
305,0.2: 5 400 504 515 618 684 1149 1257 1407 1505 1676 1712 1839 2115 2256 
306,0.8: 36 
307,1: 62 
308,1.3: 65 787 1450 
309,0.6: 93 493 682 
310,1.3: 89 1542 1784 2070 
311,0.5: 0 668 1886 
312,1: 145 887 
313,0.4: 114 581 2102 
314,0.5: 0 651 717 
315,0.8: 81 
316,1.3: 156 
317,0.5: 132 799 859 
318,0.4: 3 1813 2040 2071 
319,0.3: 88 
320,1.4: 1 1725 
321,0.8: 239 
322,1.2: 145 447 2388 
323,0.3: 125 2475 
324,1.5: 172 808 1066 1165 1229 1384 1447 1573 2054 
325,1.2: 230 532 1464 1903 
326,1.1: 1 
327,0.7: 19 828 
328,0.8: 182 1532 1940 
329,0.7: 292 
330,0.6: 127 1517 2188 
331,0.5: 21 501 981 1574 
332,1: 240 
333,0.7: 88 
334,1.5: 240 
335,1: 3 1626 
336,0.6: 1 
337,1.4: 259 647 954 985 1110 1211 
338,0.9: 301 2383 
339,0.6: 74 431 
340,0.2: 72 
341,0.3: 5 1009 
342,1.2: 41 434 669 690 956 
343,0.8: 88 1432 
344,1.5: 75 595 597 1345 
345,0.7: 58 1401 
346,0.6: 161 356 889 1315 
347,1.2: 300 1069 
348,0.5: 21 
349,1.3: 0 
350,1.2: 58 
351,1.5: 114 
352,0.7: 30 
353,0.7: 212 1181 1742 2350 
354,0.4: 44 557 949 
355,1: 193 1485 1669 1840 
356,0.7: 346 514 2053 
357,1.3: 108 983 1844 
358,1.3: 75 635 687 1025 1527 2179 
359,0.3: 110 518 1063 1101 1584 1953 2496 
360,1.2: 105 
361,0.8: 30 
362,0.9: 237 
363,1.1: 77 1055 
364,0.8: 9 1645 2300 
365,1.3: 36 2129 
366,1.4: 231 2454 
367,0.2: 211 761 851 
368,0.3: 242 441 637 853 1691 
369,0.5: 291 1093 
370,0.6: 198 
371,1: 15 
372,0.9: 5 
373,0.7: 1 
374,1: 192 
375,1.2: 164 891 
376,0.7: 216 966 1552 
377,1.2: 147 778 880 975 1513 1962 2434 
378,0.4: 192 533 2416 
379,0.7: 75 444 
380,0.9: 30 
381,1.5: 259 
382,1: 278 1140 1377 2198 
383,0.9: 54 485 540 565 1090 1841 2412 
384,0.4: 140 654 698 
385,1.4: 276 
386,0.7: 77 
387,0.9: 203 
388,0.3: 44 929 969 999 1113 1703 
389,1.5: 1 
390,1: 27 
391,1.3: 60 
392,0.1: 91 1711 2241 
393,1.3: 150 
394,0.4: 207 737 941 1766 1785 1801 
395,0.8: 36 2290 
396,1.4: 61 924 1715 2024 2378 
397,1.5: 164 1064 1120 
398,0.3: 117 1890 
399,0.4: 229 
400,0.9: 305 521 
401,0.5: 191 764 814 1054 1508 
402,0.3: 32 1677 
403,0.5: 198 
404,0.5: 189 594 
405,1.3: 17 1353 
406,1.3: 192 483 1189 2197 
407,0.2: 164 
408,0.5: 161 715 791 2085 
409,0.3: 31 1722 2474 
410,0.5: 12 
411,0.3: 5 544 692 872 964 
412,1.2: 93 1091 
413,0.3: 0 2176 2448 
414,0.4: 77 725 1314 1661 2483 
415,0.8: 71 2410 
416,1.5: 173 
417,1: 110 2123 
418,0.3: 242 
419,1.5: 63 
420,0.3: 1 471 713 1350 
421,1.2: 0 469 805 
422,1.1: 93 776 
423,0.4: 15 1152 
424,0.8: 106 
425,1: 137 455 794 1306 2319 
426,0.9: 116 918 
427,0.8: 7 1039 1195 1553 2446 
428,1.4: 21 2014 
429,0.2: 1 459 
430,1.2: 164 561 736 
431,1.3: 339 1569 
432,0.1: 117 998 
433,1.3: 187 1488 
434,0.2: 342 
435,1: 166 
436,1.2: 199 
437,0.4: 176 875 1530 1533 
438,0.5: 62 
439,0.1: 18 1070 1987 
440,0.8: 59 902 1391 2041 
441,0.7: 368 744 1390 
442,0.1: 278 546 
443,0.7: 21 1228 
444,1.4: 379 516 747 930 1280 1685 1808 2498 
445,0.9: 75 2138 
446,0.5: 216 462 1114 1501 
447,0.7: 322 
448,0.4: 56 577 673 996 1109 
449,1.5: 44 816 1724 
450,0.5: 209 
451,0.8: 84 679 732 769 
452,1.4: 290 
453,0.6: 166 675 945 1118 1640 1667 1756 
454,1.2: 142 
455,1.2: 425 
456,0.5: 62 1607 1616 1892 
457,1.3: 77 478 2459 
458,1: 74 986 
459,0.7: 429 
460,0.7: 31 
461,0.3: 1 527 960 1045 1156 1650 1791 2408 
462,1: 446 894 
463,0.8: 72 2095 2445 
464,1.3: 0 
465,0.8: 18 856 1908 
466,0.5: 164 492 1897 
467,0.3: 9 883 
468,1.2: 89 1222 1847 
469,0.9: 421 609 1775 1856 
470,0.7: 106 489 
471,1.4: 420 
472,0.3: 205 
473,0.5: 222 
474,0.2: 15 870 2020 
475,0.6: 209 696 1396 2468 
476,1: 9 
477,0.2: 106 
478,0.5: 457 1042 1641 1721 
479,0.4: 84 596 
480,0.7: 98 
481,1.1: 54 1268 1429 1929 2306 
482,1.1: 75 904 
483,0.9: 406 
484,0.9: 293 
485,0.9: 383 2012 
486,0.6: 85 664 734 840 1494 
487,1.2: 136 579 
488,0.6: 1 1982 
489,1.3: 470 2294 2431 
490,1: 4 522 1028 1265 1904 1994 2137 2192 
491,1.3: 127 1242 1717 
492,0.5: 466 
493,0.5: 309 1072 2182 
494,1.5: 147 
495,1.1: 15 
496,0.9: 109 1014 
497,1: 32 
498,1.3: 54 
499,0.4: 5 
500,0.6: 38 
501,0.7: 331 
502,1: 293 
503,1.2: 209 1254 
504,0.2: 305 564 1637 
505,1.2: 70 
506,1.2: 1 1498 
507,0.3: 55 748 1672 1872 
508,1.4: 204 1097 
509,1.4: 21 709 1575 1776 2097 
510,0.6: 0 
511,0.7: 193 726 
512,1.1: 0 661 1076 1262 2352 
513,0.6: 258 
514,0.7: 356 
515,0.6: 305 519 676 
516,1.1: 444 694 1282 
517,0.7: 116 
518,1.5: 359 813 916 2406 
519,1.1: 515 1056 
520,0.3: 5 988 1304 1327 2432 
521,1.3: 400 766 
522,0.7: 490 759 1022 1602 2019 2114 
523,0.3: 213 1233 
524,1.3: 0 2270 
525,0.4: 81 2015 
526,0.1: 1 
527,0.2: 461 552 2046 
528,0.9: 56 
529,0.9: 96 
530,1.3: 96 537 616 667 826 834 1098 1236 2038 2074 2160 
531,1.5: 116 
532,0.9: 325 576 
533,0.8: 378 
534,0.8: 63 
535,0.7: 165 905 2384 
536,0.2: 0 
537,1.5: 530 
538,1.4: 0 
539,0.9: 233 
540,0.2: 383 1031 1733 1796 2092 
541,0.4: 293 
542,1: 5 
543,1.4: 96 820 
544,1.3: 411 
545,0.6: 100 1632 2118 
546,0.8: 442 1764 
547,0.8: 0 1932 
548,0.1: 1 830 2478 
549,0.6: 198 
550,1: 101 2155 
551,0.7: 96 
552,0.7: 527 
553,1: 156 1576 
554,1.2: 170 782 1554 
555,0.6: 192 
556,1.4: 72 992 
557,0.6: 354 1237 1738 
558,1.4: 115 1322 
559,0.2: 0 625 1330 
560,0.5: 1 712 2036 2250 2345 
561,0.3: 430 863 
562,1.2: 21 
563,1.4: 243 1673 
564,0.5: 504 
565,1.2: 383 
566,0.6: 188 
567,1.4: 11 1338 2210 
568,0.1: 205 
569,0.8: 192 866 873 
570,0.9: 1 
571,0.3: 1 1275 1789 2141 
572,0.1: 222 
573,0.4: 2 
574,0.7: 236 
575,0.5: 4 
576,0.2: 532 1261 
577,0.3: 448 634 796 
578,0.1: 213 
579,0.3: 487 
580,1: 3 
581,1: 313 839 2477 
582,0.2: 47 937 
583,0.2: 198 
584,1.3: 106 1935 
585,1: 0 
586,0.9: 276 1094 1125 
587,0.5: 129 
588,1.4: 10 1121 
589,1.2: 182 
590,0.1: 0 903 
591,0.1: 0 751 1173 
592,1: 209 
593,1.4: 43 
594,1.3: 404 670 944 1017 1143 1253 1356 1386 2226 
595,1: 344 993 1081 1435 1831 
596,0.6: 479 757 785 1154 1684 2175 
597,1.1: 344 
598,0.9: 193 630 1731 
599,1: 163 
600,0.6: 301 2146 
601,0.2: 96 842 
602,0.3: 0 
603,1.1: 258 
604,0.3: 38 
605,0.5: 7 780 
606,0.2: 9 829 877 987 1586 1613 
607,0.8: 269 666 1255 1276 1311 1411 
608,0.9: 117 1467 
609,0.8: 469 806 1002 1347 
610,0.4: 15 
611,1.4: 153 1493 1861 
612,1.3: 5 
613,1.2: 75 1111 
614,1.1: 46 722 
615,0.7: 109 1150 2207 
616,0.4: 530 841 922 
617,1.2: 40 2482 
618,1.2: 305 
619,0.5: 40 
620,1.5: 5 
621,0.3: 83 
622,0.3: 199 1225 2286 2349 
623,1.4: 58 868 2203 
624,1.5: 65 1948 
625,1.1: 559 779 1318 1461 1931 
626,0.6: 4 
627,1.5: 16 995 1258 1497 2157 
628,1.1: 5 
629,1: 203 1749 
630,0.2: 598 
631,0.4: 106 
632,1.1: 0 
633,1.3: 233 1174 
634,1.5: 577 
635,0.4: 358 
636,1.4: 18 1226 1348 1514 1990 2340 
637,0.8: 368 
638,1.2: 94 860 
639,0.4: 29 1289 
640,1.1: 142 1786 2008 2159 2386 
641,1: 5 
642,0.1: 259 1605 2429 
643,0.8: 209 
644,0.9: 0 
645,1.4: 5 786 892 1290 
646,0.4: 198 
647,0.8: 337 
648,0.5: 11 
649,0.2: 39 
650,0.5: 5 
651,0.4: 314 1506 1949 1992 
652,0.2: 31 1346 
653,0.3: 2 
654,0.2: 384 942 
655,0.5: 214 1814 
656,0.6: 161 1279 1750 
657,0.3: 153 
658,0.7: 281 912 1363 
659,0.7: 168 
660,0.2: 105 767 1310 1771 
661,1.1: 512 1713 
662,0.7: 7 
663,0.2: 89 765 1504 
664,0.1: 486 678 
665,0.8: 166 
666,0.8: 607 1077 
667,0.6: 530 2091 
668,1: 311 
669,0.4: 342 
670,1.1: 594 
671,1.3: 18 882 1604 
672,1.5: 5 947 1052 1434 1680 
673,0.2: 448 
674,1: 9 
675,1.3: 453 1274 
676,1.1: 515 
677,0.7: 111 
678,0.8: 664 974 1559 
679,0.2: 451 1877 
680,0.7: 261 1044 
681,0.7: 117 733 2200 
682,1.2: 309 1010 1036 
683,1.1: 11 955 1336 2173 
684,1.2: 305 
685,0.9: 99 1122 1381 1740 
686,1.1: 257 1249 1832 
687,1.3: 358 1220 
688,1.4: 227 
689,0.1: 11 933 2143 2438 
690,0.7: 342 1617 
691,0.2: 86 
692,0.5: 411 1333 1414 1857 
693,0.7: 65 1842 2022 
694,0.9: 516 
695,1: 0 
696,0.2: 475 822 1769 
697,0.8: 259 
698,0.4: 384 718 
699,1.4: 30 1272 1720 
700,0.5: 25 2377 
701,0.7: 27 878 1051 
702,0.3: 187 
703,1.4: 292 1963 
704,1.5: 122 2060 
705,0.1: 170 
706,1: 9 
707,0.9: 5 1305 1313 
708,1.1: 86 735 2135 
709,0.4: 509 2245 
710,1: 166 1153 1781 
711,1.1: 209 
712,0.1: 560 
713,0.9: 420 
714,1: 14 1288 
715,0.9: 408 
716,0.5: 0 1977 
717,0.5: 314 
718,0.3: 698 
719,1.5: 0 
720,1.4: 222 
721,1.2: 202 1087 2063 2490 
722,0.5: 614 
723,0.2: 0 
724,1.1: 132 908 1299 1611 1690 1873 
725,1.4: 414 
726,0.2: 511 
727,0.1: 33 2111 
728,0.2: 0 
729,0.2: 119 
730,0.5: 278 928 1486 
731,0.8: 5 
732,1.5: 451 
733,0.5: 681 
734,1.5: 486 
735,0.9: 708 
736,1.4: 430 
737,1.3: 394 1294 1608 2125 
738,0.3: 187 
739,0.3: 46 1309 
740,1.1: 15 781 
741,0.9: 0 1277 
742,0.9: 0 
743,1.5: 15 977 
744,1.4: 441 1763 2059 
745,0.3: 205 
746,0.9: 22 
747,1.2: 444 1323 2120 2273 
748,0.5: 507 
749,0.9: 283 
750,1.1: 9 
751,0.5: 591 1668 
752,0.3: 1 
753,1.2: 21 1693 
754,1: 2 
755,1.1: 285 
756,0.9: 22 1019 
757,1.2: 596 772 844 
758,1: 5 
759,0.9: 522 
760,0.4: 33 
761,0.6: 367 
762,1.1: 132 1966 2224 2351 
763,1.4: 30 
764,1.5: 401 
765,0.2: 663 1934 
766,0.4: 521 
767,1.4: 660 
768,1.4: 62 
769,0.7: 451 1065 1307 
770,1: 46 
771,0.2: 94 
772,0.2: 757 
773,0.6: 1 2154 
774,0.7: 60 1367 
775,1.4: 79 
776,1.3: 422 
777,0.6: 0 1112 
778,0.2: 377 
779,0.7: 625 
780,1.1: 605 915 1021 
781,1.1: 740 1998 
782,0.9: 554 1883 
783,0.7: 27 1176 1406 1988 
784,0.2: 24 
785,0.3: 596 
786,0.8: 645 
787,0.3: 308 
788,1: 135 
789,1: 159 
790,0.3: 35 1117 1394 
791,0.8: 408 
792,0.6: 55 1511 
793,1.1: 215 1753 2331 
794,1.1: 425 
795,1: 0 
796,0.8: 577 
797,1.5: 135 2078 
798,1.2: 132 1793 
799,0.3: 317 
800,1.3: 19 927 
801,0.9: 32 
802,1.1: 5 1358 1805 
803,1.1: 198 1284 
804,0.4: 5 
805,0.9: 421 1478 
806,0.5: 609 
807,0.9: 15 1210 2216 2397 
808,1.5: 324 
809,1.1: 203 
810,1: 32 1589 
811,0.2: 44 1393 2010 2025 
812,1.1: 194 1038 1698 2005 
813,1.1: 518 1291 1864 
814,1.4: 401 1719 2113 
815,0.9: 243 
816,1.2: 449 
817,0.4: 18 1103 
818,0.3: 59 
819,0.5: 56 
820,0.6: 543 
821,1.3: 228 
822,0.8: 696 
823,0.1: 0 
824,0.6: 213 
825,0.1: 43 
826,1.4: 530 2093 2465 
827,1: 10 2117 
828,1.3: 327 
829,0.7: 606 2268 
830,1.2: 548 
831,1.2: 187 
832,0.1: 198 1366 
833,1.3: 38 2096 
834,0.6: 530 
835,1.3: 290 1503 
836,1.3: 91 1475 
837,1.4: 58 
838,0.4: 74 
839,1.3: 581 
840,0.9: 486 2033 
841,0.8: 616 
842,0.7: 601 
843,0.6: 94 
844,1: 757 2354 
845,0.4: 288 1006 2356 
846,1.2: 43 
847,0.3: 11 1245 
848,0.1: 2 1075 
849,0.6: 0 
850,0.4: 70 
851,0.6: 367 
852,1.3: 0 
853,0.3: 368 
854,1.4: 5 864 970 1192 
855,1.3: 5 
856,1.2: 465 
857,1.4: 212 
858,0.1: 46 
859,1.4: 317 
860,0.9: 638 
861,0.5: 1 
862,0.7: 231 2303 
863,0.4: 561 943 1359 2007 
864,1.3: 854 
865,1: 86 
866,0.2: 569 
867,0.2: 189 
868,1.2: 623 2357 
869,1.1: 13 
870,0.7: 474 
871,1.1: 1 
872,0.2: 411 1560 
873,0.3: 569 
874,0.7: 0 
875,0.8: 437 
876,1: 236 
877,1.1: 606 
878,0.9: 701 
879,0.8: 33 2151 2373 
880,0.9: 377 
881,0.4: 138 1084 
882,0.3: 671 
883,0.2: 467 
884,1: 0 
885,1.1: 4 
886,0.5: 145 1748 2304 
887,0.8: 312 2035 
888,1.3: 5 
889,1.2: 346 
890,0.8: 1 
891,0.4: 375 
892,0.3: 645 
893,0.2: 4 
894,0.8: 462 2098 
895,1.4: 59 
896,0.7: 119 959 
897,0.1: 297 1285 
898,1.3: 0 1544 
899,0.1: 139 1436 2121 
900,0.9: 33 2338 
901,1.1: 38 1889 1922 
902,0.4: 440 
903,0.7: 590 
904,0.8: 482 2242 
905,0.3: 535 1383 1387 1413 
906,1.2: 205 
907,1.2: 18 
908,0.7: 724 
909,0.4: 19 1744 
910,1.1: 264 1483 1571 1735 
911,1.1: 58 2365 
912,0.8: 658 1855 2293 
913,0.6: 229 1324 
914,0.3: 0 1326 1867 2058 2087 2297 
915,0.4: 780 
916,0.9: 518 
917,1.5: 67 
918,1: 426 1936 
919,0.7: 214 
920,1.2: 21 1078 1362 
921,0.8: 59 2064 2202 
922,0.1: 616 
923,0.9: 33 1912 
924,0.8: 396 
925,1.2: 48 
926,1.1: 248 
927,1.3: 800 1462 
928,1: 730 1765 
929,1.3: 388 2119 
930,1: 444 
931,0.8: 18 
932,0.7: 0 
933,0.3: 689 
934,0.6: 7 1757 
935,0.3: 212 1317 
936,0.4: 5 
937,1.2: 582 
938,0.3: 1 
939,1.3: 27 976 1397 1956 2251 2423 
940,1.3: 1 
941,0.1: 394 1221 
942,1.5: 654 
943,0.5: 863 
944,0.6: 594 1161 2081 
945,0.3: 453 
946,0.4: 15 
947,0.5: 672 
948,0.2: 77 967 1029 1187 
949,1.4: 354 
950,0.6: 149 
951,1.3: 245 
952,0.8: 1 
953,0.7: 5 2326 
954,0.6: 337 2184 2299 
955,0.6: 683 1894 2398 
956,0.8: 342 
957,0.2: 173 
958,1.2: 101 2302 
959,0.6: 896 
960,0.3: 461 1033 
961,0.8: 290 
962,1.4: 0 1474 2238 
963,0.9: 1 
964,0.4: 411 
965,1.5: 59 
966,1.3: 376 1900 
967,0.8: 948 
968,1: 198 
969,0.9: 388 1256 
970,0.1: 854 1159 
971,0.5: 284 2480 
972,0.1: 231 1032 2152 
973,0.5: 140 2168 
974,1: 678 1328 1371 1918 1997 2217 
975,1: 377 1419 
976,1.3: 939 
977,1.2: 743 1292 1368 
978,0.5: 125 
979,0.6: 274 
980,0.9: 213 
981,0.8: 331 
982,1.1: 169 1662 
983,0.8: 357 1196 
984,0.8: 63 
985,1.4: 337 
986,0.6: 458 1026 
987,0.9: 606 
988,1.3: 520 
989,1.4: 36 
990,1.4: 266 1415 1595 
991,0.5: 258 
992,0.7: 556 
993,0.8: 595 
994,1.2: 9 
995,0.5: 627 
996,0.4: 448 
997,0.4: 222 
998,0.9: 432 
999,1.2: 388 2107 
1000,1.5: 1 2101 
1001,1.2: 46 1240 2288 
1002,0.2: 609 1410 
1003,0.7: 85 2032 
1004,0.4: 84 
1005,0.3: 2 
1006,0.9: 845 2427 
1007,1.2: 0 
1008,1: 9 
1009,0.9: 341 
1010,1.5: 682 1418 
1011,1.1: 43 
1012,0.6: 0 
1013,0.6: 21 
1014,0.5: 496 
1015,0.1: 117 2417 
1016,1.4: 40 1734 
1017,0.2: 594 1083 1205 
1018,1.2: 96 
1019,1.5: 756 
1020,0.6: 96 
1021,0.4: 780 1455 2127 
1022,1.3: 522 2394 
1023,1.1: 60 
1024,0.8: 126 
1025,1.3: 358 
1026,1.3: 986 
1027,1.3: 140 
1028,0.9: 490 1845 
1029,1.3: 948 
1030,0.7: 0 1440 1540 1874 2499 
1031,0.3: 540 1960 
1032,0.4: 972 
1033,1.2: 960 2055 
1034,1.1: 59 
1035,0.1: 18 
1036,0.7: 682 1534 
1037,0.2: 32 1802 
1038,0.7: 812 
1039,0.7: 427 
1040,1: 1 1146 1925 
1041,0.4: 198 
1042,0.6: 478 
1043,0.7: 135 
1044,0.2: 680 
1045,0.6: 461 
1046,0.6: 22 1374 
1047,0.9: 112 1869 2336 2400 
1048,0.6: 33 
1049,0.5: 1 
1050,0.6: 99 
1051,0.4: 701 2380 
1052,0.6: 672 
1053,1: 163 
1054,1.1: 401 
1055,0.6: 363 
1056,0.3: 519 
1057,0.6: 127 1108 
1058,1: 276 
1059,0.5: 56 1875 2030 2247 
1060,0.6: 140 
1061,0.4: 133 2313 2436 
1062,0.2: 0 
1063,1: 359 
1064,1: 397 
1065,0.1: 769 
1066,1: 324 1344 
1067,1: 1 1380 2263 
1068,0.4: 240 1913 
1069,0.4: 347 
1070,1: 439 
1071,1.4: 56 
1072,0.5: 493 
1073,0.2: 36 
1074,0.1: 46 
1075,1: 848 2228 
1076,0.9: 512 
1077,0.7: 666 1902 
1078,1.4: 920 
1079,1: 237 1216 2330 
1080,0.1: 94 
1081,0.7: 595 
1082,0.8: 228 1375 2464 
1083,1: 1017 1986 
1084,0.8: 881 
1085,0.7: 198 2132 
1086,0.7: 281 1502 
1087,0.5: 721 1947 
1088,1.4: 288 
1089,1.5: 109 
1090,1.5: 383 
1091,0.4: 412 
1092,0.9: 117 
1093,0.3: 369 1337 
1094,0.7: 586 
1095,0.8: 44 1938 2061 
1096,0.9: 187 
1097,0.7: 508 1594 1767 2094 
1098,0.3: 530 1400 2399 
1099,1.2: 1 
1100,0.3: 96 2211 2348 
1101,1.2: 359 
1102,0.8: 190 
1103,0.4: 817 
1104,1.2: 293 
1105,1: 5 
1106,1.2: 94 1716 2479 
1107,1.1: 1 1638 2248 
1108,0.2: 1057 1141 
1109,1.3: 448 
1110,0.7: 337 1382 2171 
1111,0.3: 613 
1112,0.4: 777 1260 1357 1479 1678 1983 
1113,0.9: 388 
1114,0.5: 446 
1115,0.5: 91 
1116,1.1: 43 
1117,0.4: 790 
1118,0.7: 453 
1119,1: 215 
1120,1.4: 397 
1121,0.6: 588 2196 
1122,0.5: 685 
1123,1.4: 140 
1124,1.3: 110 
1125,0.6: 586 1372 1408 1490 2317 
1126,1.1: 12 1743 1768 
1127,1.2: 3 
1128,1.4: 146 1975 2169 
1129,1.1: 146 2372 
1130,1.4: 18 
1131,1.4: 150 
1132,0.7: 89 
1133,0.9: 122 1919 
1134,1.4: 229 
1135,0.4: 96 
1136,0.8: 0 
1137,0.9: 209 
1138,0.3: 1 1247 
1139,0.9: 114 
1140,0.8: 382 1349 
1141,0.6: 1108 
1142,1: 237 1694 
1143,1.4: 594 1378 
1144,1.1: 139 
1145,0.5: 114 
1146,0.7: 1040 
1147,1.2: 150 1596 1901 
1148,0.3: 2 1914 
1149,0.3: 305 
1150,0.6: 615 1658 2253 
1151,0.6: 106 
1152,1.3: 423 
1153,0.2: 710 
1154,0.3: 596 
1155,0.5: 83 
1156,1.4: 461 
1157,0.6: 212 
1158,0.5: 0 
1159,1.2: 970 1656 
1160,1.3: 99 1428 
1161,0.1: 944 2042 2374 
1162,0.3: 74 
1163,0.2: 62 
1164,1.2: 72 
1165,1.5: 324 
1166,0.7: 70 
1167,1.4: 63 
1168,1.3: 11 
1169,0.6: 21 
1170,0.4: 96 
1171,0.9: 15 1263 
1172,1: 1 2162 
1173,0.5: 591 
1174,0.7: 633 1316 
1175,1.4: 21 1881 2387 
1176,0.7: 783 
1177,0.5: 0 1182 
1178,0.6: 60 1484 
1179,0.4: 214 
1180,0.7: 0 2068 2419 
1181,0.8: 353 
1182,0.4: 1177 
1183,1.2: 21 1923 2486 
1184,0.1: 15 
1185,0.9: 82 
1186,0.7: 178 1884 2057 
1187,0.3: 948 2282 
1188,0.7: 0 
1189,1.2: 406 
1190,1.2: 1 
1191,1: 55 
1192,0.1: 854 2328 
1193,0.5: 96 1470 1549 1911 2001 
1194,0.2: 27 
1195,1.1: 427 
1196,1.1: 983 
1197,0.8: 153 
1198,0.7: 105 1799 
1199,1.3: 164 1666 
1200,1.3: 209 
1201,0.4: 93 
1202,0.2: 275 
1203,0.9: 106 
1204,1.3: 91 
1205,1.2: 1017 1444 
1206,0.3: 149 
1207,0.4: 264 
1208,1.2: 1 2170 
1209,0.9: 21 
1210,0.6: 807 
1211,1.3: 337 
1212,1.1: 54 
1213,1.2: 99 
1214,1.1: 1 1924 
1215,0.8: 266 2144 
1216,0.3: 1079 
1217,0.2: 0 
1218,1.3: 0 
1219,1.3: 125 
1220,0.4: 687 
1221,1: 941 
1222,1.2: 468 
1223,0.4: 261 
1224,1: 140 
1225,0.2: 622 
1226,1.1: 636 2017 2430 
1227,1.2: 22 1241 
1228,0.4: 443 
1229,1.3: 324 1269 1520 
1230,0.4: 46 
1231,0.8: 1 
1232,0.1: 277 
1233,0.3: 523 
1234,0.5: 82 
1235,0.9: 0 
1236,0.8: 530 
1237,0.6: 557 1727 
1238,1.2: 170 
1239,1.4: 1 
1240,0.9: 1001 1456 1961 2379 
1241,0.6: 1227 
1242,0.6: 491 1441 
1243,1: 187 1556 2116 
1244,0.4: 27 
1245,0.3: 847 
1246,1.3: 32 
1247,1.2: 1138 
1248,0.9: 5 
1249,0.9: 686 
1250,0.6: 209 2492 
1251,0.2: 191 
1252,0.4: 137 
1253,1.3: 594 
1254,0.4: 503 
1255,0.1: 607 
1256,1.4: 969 2447 
1257,0.3: 305 
1258,0.5: 627 
1259,0.7: 128 
1260,0.5: 1112 
1261,0.3: 576 
1262,0.4: 512 
1263,0.6: 1171 
1264,0.4: 198 
1265,1.2: 490 1836 
1266,0.1: 1 
1267,0.7: 237 
1268,1.2: 481 
1269,1.3: 1229 
1270,0.7: 237 
1271,0.9: 36 
1272,1.5: 699 
1273,1.2: 0 
1274,0.6: 675 
1275,0.4: 571 
1276,0.6: 607 
1277,1: 741 1417 
1278,0.5: 9 
1279,0.4: 656 1343 2337 
1280,0.6: 444 
1281,0.7: 18 
1282,1.2: 516 
1283,0.1: 41 
1284,0.9: 803 2323 
1285,1.3: 897 
1286,0.9: 1 
1287,0.3: 99 1732 
1288,1.1: 714 
1289,1.4: 639 
1290,1.1: 645 
1291,0.9: 813 
1292,1.5: 977 
1293,1.5: 2 
1294,0.2: 737 
1295,0.6: 127 
1296,1.4: 15 1772 
1297,0.8: 7 
1298,1.1: 0 
1299,0.9: 724 
1300,1.5: 110 
1301,0.8: 1 1907 2421 
1302,0.4: 236 
1303,0.4: 2 1882 
1304,0.9: 520 
1305,1.2: 707 
1306,0.2: 425 
1307,1.2: 769 2050 
1308,1.2: 85 
1309,1: 739 
1310,1.3: 660 
1311,1.2: 607 
1312,1.1: 43 
1313,0.5: 707 1545 
1314,0.8: 414 
1315,0.1: 346 
1316,0.7: 1174 
1317,1.3: 935 
1318,1.4: 625 
1319,0.8: 129 
1320,0.7: 2 
1321,0.3: 117 
1322,0.5: 558 1707 
1323,0.8: 747 
1324,0.9: 913 1790 
1325,0.9: 11 
1326,1: 914 1487 
1327,1.3: 520 
1328,1.1: 974 
1329,1.3: 4 2237 
1330,0.6: 559 1755 1758 
1331,0.8: 7 1943 
1332,0.3: 55 
1333,0.2: 692 
1334,0.9: 88 
1335,1.5: 218 
1336,0.5: 683 
1337,0.5: 1093 
1338,1.5: 567 
1339,0.6: 13 
1340,0.3: 0 1891 
1341,1.2: 20 1522 
1342,0.5: 80 1469 
1343,1.3: 1279 2296 
1344,0.3: 1066 
1345,1.2: 344 
1346,0.4: 652 2395 
1347,0.8: 609 
1348,0.4: 636 
1349,0.2: 1140 
1350,1.5: 420 1823 2424 
1351,0.1: 79 2164 2360 
1352,1: 164 
1353,0.8: 405 
1354,1.2: 106 
1355,0.8: 1 1688 
1356,1.2: 594 
1357,1: 1112 1984 
1358,1.1: 802 
1359,0.4: 863 
1360,1.5: 214 
1361,0.7: 273 
1362,1.5: 920 
1363,1: 658 
1364,1.3: 1 
1365,1: 187 
1366,0.3: 832 
1367,1.1: 774 
1368,0.5: 977 1804 
1369,1.1: 27 
1370,0.2: 114 
1371,1.1: 974 
1372,0.9: 1125 
1373,1.2: 5 
1374,0.4: 1046 
1375,0.2: 1082 1459 
1376,0.5: 268 1460 
1377,0.5: 382 
1378,0.7: 1143 1453 1555 
1379,0.1: 128 
1380,0.8: 1067 
1381,1.1: 685 
1382,0.4: 1110 2191 
1383,0.4: 905 
1384,0.4: 324 
1385,0.2: 1 1682 
1386,1: 594 
1387,1: 905 
1388,0.2: 114 
1389,1.1: 15 
1390,0.5: 441 2252 
1391,0.5: 440 
1392,0.3: 177 1525 1865 
1393,0.7: 811 1471 
1394,0.6: 790 1472 
1395,0.8: 102 
1396,0.8: 475 1695 1795 2223 
1397,1.5: 939 
1398,1.4: 218 
1399,0.9: 59 1622 
1400,0.4: 1098 
1401,0.7: 345 1403 
1402,0.7: 12 1654 2016 
1403,0.9: 1401 
1404,1.3: 79 1976 
1405,0.9: 146 1577 1807 
1406,1.3: 783 
1407,1.5: 305 
1408,0.8: 1125 
1409,1.2: 110 
1410,0.5: 1002 2457 
1411,1.1: 607 
1412,0.7: 222 
1413,1.4: 905 
1414,0.1: 692 
1415,0.7: 990 
1416,1.1: 4 
1417,1.3: 1277 
1418,0.1: 1010 1438 2044 
1419,1.1: 975 2021 
1420,1: 278 
1421,0.8: 89 
1422,1.4: 2 1880 
1423,0.9: 19 1492 1557 2167 
1424,1.2: 44 
1425,0.5: 75 
1426,1.3: 125 
1427,1.3: 192 
1428,0.6: 1160 
1429,0.1: 481 
1430,0.8: 84 
1431,0.4: 215 2049 
1432,0.3: 343 
1433,0.7: 233 
1434,1.1: 672 
1435,1.1: 595 
1436,0.8: 899 
1437,1: 120 
1438,0.9: 1418 
1439,0.5: 1 
1440,1.1: 1030 
1441,0.6: 1242 
1442,1.4: 198 
1443,1: 1 
1444,0.6: 1205 
1445,0.8: 4 
1446,1.2: 1 
1447,0.2: 324 
1448,0.5: 15 
1449,0.9: 171 
1450,0.1: 308 
1451,0.7: 144 
1452,1: 218 2382 
1453,0.6: 1378 2325 
1454,0.6: 139 1597 
1455,1.3: 1021 
1456,1.5: 1240 
1457,1: 72 
1458,0.1: 138 
1459,0.4: 1375 
1460,0.9: 1376 
1461,0.7: 625 
1462,0.7: 927 
1463,0.9: 114 
1464,1.2: 325 
1465,1.3: 228 
1466,0.9: 1 
1467,1: 608 
1468,1.2: 127 2009 
1469,0.6: 1342 
1470,1.5: 1193 
1471,1.3: 1393 
1472,0.7: 1394 1815 
1473,0.5: 58 1515 1965 
1474,0.9: 962 
1475,1.3: 836 
1476,1.1: 125 
1477,1: 155 2435 
1478,1.2: 805 
1479,0.2: 1112 1761 
1480,1.3: 63 
1481,1: 153 
1482,0.8: 276 
1483,1.5: 910 
1484,0.6: 1178 
1485,0.8: 355 
1486,1.1: 730 
1487,0.3: 1326 1634 
1488,1.5: 433 
1489,0.7: 0 
1490,0.1: 1125 
1491,1.1: 235 1972 
1492,1: 1423 
1493,1.4: 611 
1494,1.1: 486 2090 
1495,1.3: 5 
1496,1.3: 59 
1497,0.4: 627 
1498,1.3: 506 
1499,1.4: 71 1760 
1500,0.4: 3 
1501,1: 446 
1502,0.2: 1086 1704 1780 1852 
1503,0.2: 835 
1504,0.8: 663 
1505,0.6: 305 
1506,0.1: 651 
1507,1.5: 0 
1508,1.4: 401 
1509,1.4: 298 2003 
1510,0.7: 0 
1511,0.8: 792 
1512,0.8: 13 
1513,1: 377 
1514,0.8: 636 
1515,0.3: 1473 
1516,1.2: 47 
1517,0.4: 330 
1518,1: 258 
1519,0.6: 290 
1520,0.4: 1229 
1521,0.2: 187 
1522,0.8: 1341 
1523,1: 12 1615 
1524,0.7: 140 
1525,0.3: 1392 
1526,1.4: 116 
1527,0.2: 358 
1528,1.2: 75 
1529,0.2: 0 1930 
1530,1.1: 437 
1531,0.9: 84 
1532,1: 328 
1533,1.4: 437 
1534,0.8: 1036 
1535,1.2: 164 
1536,0.8: 1 
1537,1: 170 1628 2106 
1538,1.1: 125 
1539,0.8: 133 
1540,0.7: 1030 
1541,1.4: 114 2204 
1542,1: 310 
1543,0.7: 74 
1544,0.4: 898 1909 
1545,0.5: 1313 
1546,0.6: 205 1687 2208 
1547,0.2: 96 
1548,0.3: 3 
1549,0.4: 1193 
1550,0.6: 153 
1551,0.2: 18 
1552,0.2: 376 
1553,1.3: 427 
1554,1.5: 554 
1555,1.4: 1378 
1556,1.3: 1243 
1557,1.1: 1423 
1558,1: 38 
1559,0.2: 678 
1560,0.4: 872 
1561,0.8: 99 
1562,1.1: 236 
1563,1.1: 119 
1564,0.7: 14 
1565,1.2: 0 
1566,0.7: 0 
1567,0.7: 51 
1568,0.7: 86 
1569,0.1: 431 
1570,0.6: 191 
1571,0.7: 910 1921 
1572,1.2: 186 
1573,0.2: 324 1849 
1574,0.8: 331 
1575,1.1: 509 
1576,1: 553 
1577,0.2: 1405 2278 
1578,0.2: 122 
1579,0.8: 149 
1580,0.6: 1 
1581,1: 106 
1582,1.1: 1 
1583,0.4: 4 
1584,0.2: 359 1899 
1585,1.2: 106 
1586,0.6: 606 2491 
1587,0.4: 21 
1588,0.8: 44 
1589,0.3: 810 
1590,1.5: 54 
1591,0.5: 159 
1592,1.4: 229 
1593,0.1: 148 2318 
1594,1: 1097 
1595,0.9: 990 
1596,0.5: 1147 
1597,1.2: 1454 2298 
1598,0.1: 156 
1599,1: 7 
1600,0.3: 117 
1601,0.7: 0 1671 
1602,1: 522 
1603,0.1: 218 
1604,1.2: 671 
1605,0.4: 642 
1606,0.2: 69 
1607,1: 456 
1608,0.2: 737 
1609,0.4: 56 
1610,0.1: 43 
1611,0.7: 724 
1612,0.4: 289 
1613,0.9: 606 
1614,0.4: 212 
1615,0.3: 1523 
1616,0.7: 456 
1617,0.5: 690 1866 
1618,1.1: 79 
1619,0.8: 139 2222 
1620,0.3: 0 
1621,0.7: 75 
1622,0.5: 1399 
1623,0.8: 0 
1624,0.9: 19 
1625,0.7: 156 
1626,1.5: 335 2100 
1627,0.3: 1 
1628,1.5: 1537 
1629,0.8: 87 2231 2261 
1630,1.1: 0 
1631,0.6: 114 
1632,0.9: 545 
1633,0.7: 15 
1634,1.2: 1487 
1635,0.6: 1 
1636,1.1: 86 
1637,0.8: 504 
1638,0.3: 1107 
1639,0.6: 209 
1640,0.7: 453 
1641,0.6: 478 
1642,0.9: 275 2027 
1643,0.4: 64 
1644,0.9: 96 
1645,1.3: 364 
1646,0.9: 153 2402 
1647,1: 5 
1648,0.9: 61 2391 
1649,1.1: 4 
1650,0.3: 461 
1651,0.2: 84 
1652,1.5: 252 2376 
1653,0.2: 211 
1654,1.1: 1402 
1655,0.5: 21 
1656,0.3: 1159 
1657,0.9: 108 
1658,0.6: 1150 
1659,0.4: 245 
1660,0.8: 202 
1661,1.3: 414 
1662,1.1: 982 
1663,1: 30 1787 
1664,0.4: 33 2327 
1665,0.8: 24 
1666,1.4: 1199 
1667,0.4: 453 1689 
1668,1.1: 751 
1669,0.4: 355 
1670,1.1: 38 
1671,1.3: 1601 
1672,0.7: 507 
1673,1.1: 563 
1674,1: 82 
1675,0.9: 43 
1676,0.7: 305 
1677,0.8: 402 
1678,1.3: 1112 
1679,1.2: 156 
1680,0.5: 672 
1681,1.1: 84 
1682,1.2: 1385 
1683,0.7: 204 2110 
1684,0.3: 596 
1685,1.2: 444 
1686,1.4: 30 
1687,0.7: 1546 
1688,0.5: 1355 
1689,0.9: 1667 
1690,0.9: 724 
1691,0.6: 368 
1692,1.3: 21 
1693,1.3: 753 
1694,0.6: 1142 
1695,0.2: 1396 
1696,0.7: 5 1782 
1697,0.9: 65 2493 
1698,0.7: 812 
1699,0.3: 79 
1700,1.3: 266 
1701,0.6: 252 
1702,0.2: 96 
1703,0.3: 388 
1704,0.2: 1502 
1705,0.1: 300 
1706,0.2: 83 1737 
1707,0.9: 1322 
1708,0.9: 114 
1709,0.4: 9 
1710,0.6: 172 
1711,1.1: 392 
1712,0.8: 305 
1713,0.1: 661 
1714,1.2: 1 
1715,0.7: 396 
1716,1: 1106 1819 
1717,1.1: 491 1829 
1718,1.3: 12 
1719,1.3: 814 
1720,0.8: 699 
1721,0.7: 478 
1722,1.4: 409 
1723,0.9: 31 
1724,0.1: 449 
1725,1.5: 320 
1726,0.5: 159 
1727,0.9: 1237 
1728,0.6: 5 
1729,0.9: 228 2006 
1730,1.2: 243 1898 1916 
1731,0.4: 598 
1732,0.5: 1287 
1733,1.4: 540 
1734,0.9: 1016 
1735,0.7: 910 1778 
1736,0.9: 298 
1737,0.8: 1706 
1738,1.2: 557 
1739,1.3: 9 
1740,1.1: 685 
1741,1.2: 139 
1742,0.9: 353 
1743,1.3: 1126 
1744,1.2: 909 
1745,1.5: 0 
1746,1.1: 164 
1747,0.2: 21 
1748,1.4: 886 
1749,1.3: 629 2099 
1750,1.3: 656 
1751,1.4: 0 
1752,0.2: 54 
1753,0.8: 793 
1754,0.9: 15 
1755,0.3: 1330 
1756,0.7: 453 
1757,0.3: 934 
1758,1.5: 1330 
1759,0.5: 10 
1760,1: 1499 
1761,1.3: 1479 
1762,0.6: 96 
1763,1.5: 744 
1764,0.8: 546 
1765,0.4: 928 2028 
1766,0.6: 394 
1767,0.3: 1097 2073 
1768,0.6: 1126 
1769,0.5: 696 
1770,1.3: 1 
1771,0.1: 660 
1772,0.4: 1296 
1773,0.8: 58 
1774,0.5: 196 
1775,0.1: 469 2158 2260 
1776,1.3: 509 
1777,0.2: 15 
1778,0.6: 1735 
1779,1.3: 223 
1780,0.2: 1502 
1781,0.4: 710 
1782,0.5: 1696 
1783,0.5: 83 
1784,1.3: 310 
1785,0.9: 394 
1786,0.4: 640 
1787,0.6: 1663 
1788,1.2: 11 
1789,0.9: 571 1887 
1790,0.5: 1324 
1791,1: 461 
1792,0.4: 228 
1793,0.3: 798 
1794,0.2: 2 1820 
1795,1.4: 1396 
1796,1.1: 540 
1797,1.1: 298 
1798,1.1: 21 
1799,0.6: 1198 
1800,0.1: 1 
1801,1.4: 394 
1802,1.3: 1037 2072 
1803,0.3: 116 2463 
1804,1.4: 1368 
1805,1: 802 
1806,0.3: 99 
1807,1: 1405 2031 2225 
1808,0.5: 444 
1809,0.5: 172 
1810,1: 133 
1811,0.9: 27 
1812,1.4: 112 
1813,1.2: 318 
1814,0.3: 655 
1815,0.2: 1472 
1816,0.4: 146 
1817,0.9: 247 2199 2240 2343 
1818,0.6: 144 
1819,0.1: 1716 
1820,1.5: 1794 
1821,0.6: 9 
1822,0.3: 1 2130 
1823,1.4: 1350 
1824,1.1: 15 
1825,1.3: 0 
1826,1.3: 43 
1827,1: 15 1974 
1828,0.3: 2 
1829,1.3: 1717 
1830,1: 30 
1831,0.6: 595 2361 
1832,0.7: 686 
1833,1.2: 21 
1834,1.3: 196 
1835,1: 77 
1836,1.2: 1265 
1837,1.1: 74 
1838,0.3: 43 
1839,0.8: 305 
1840,0.7: 355 
1841,0.7: 383 2065 
1842,0.4: 693 
1843,1.2: 133 
1844,0.9: 357 
1845,1.1: 1028 
1846,0.9: 0 
1847,0.4: 468 
1848,1.3: 164 
1849,1: 1573 
1850,0.5: 153 
1851,1.3: 95 1859 
1852,1.4: 1502 
1853,1.2: 30 1879 
1854,0.8: 163 
1855,1.4: 912 
1856,0.7: 469 
1857,0.1: 692 1858 2442 
1858,0.9: 1857 
1859,1.4: 1851 1878 
1860,0.7: 7 2255 
1861,0.3: 611 
1862,0.2: 187 
1863,1.2: 0 
1864,0.5: 813 
1865,0.2: 1392 
1866,0.2: 1617 
1867,0.3: 914 2147 
1868,0.3: 211 
1869,0.4: 1047 
1870,0.6: 5 
1871,0.1: 298 
1872,1.2: 507 
1873,0.6: 724 
1874,0.4: 1030 
1875,0.9: 1059 
1876,1.2: 77 
1877,0.7: 679 
1878,0.2: 1859 
1879,1.3: 1853 2136 
1880,0.9: 1422 
1881,0.2: 1175 
1882,1.4: 1303 
1883,0.2: 782 
1884,1.4: 1186 
1885,1.4: 7 
1886,0.1: 311 
1887,0.9: 1789 
1888,0.3: 1 
1889,0.6: 901 
1890,1.4: 398 
1891,0.2: 1340 
1892,1.1: 456 
1893,1: 89 
1894,0.2: 955 
1895,1.4: 1 
1896,0.4: 60 2437 
1897,1.2: 466 
1898,1.2: 1730 
1899,1.1: 1584 
1900,0.3: 966 
1901,1.1: 1147 
1902,1.5: 1077 
1903,0.5: 325 
1904,1.5: 490 
1905,1: 41 
1906,1: 84 
1907,0.1: 1301 
1908,0.5: 465 
1909,1.3: 1544 
1910,0.8: 144 2205 
1911,1.1: 1193 2048 
1912,0.3: 923 
1913,0.2: 1068 
1914,0.2: 1148 
1915,0.5: 112 
1916,1.3: 1730 
1917,0.4: 85 
1918,1.4: 974 
1919,1.3: 1133 
1920,1.4: 84 
1921,0.5: 1571 
1922,0.5: 901 
1923,0.3: 1183 2219 
1924,1: 1214 
1925,1: 1040 
1926,0.1: 33 2307 
1927,0.4: 214 
1928,1: 1 
1929,1.4: 481 
1930,1.1: 1529 
1931,1.2: 625 
1932,1.2: 547 
1933,1.1: 293 
1934,1.2: 765 
1935,0.6: 584 
1936,0.9: 918 
1937,1.3: 198 
1938,1.1: 1095 
1939,0.6: 298 
1940,0.6: 328 2174 
1941,0.4: 240 
1942,0.7: 187 
1943,0.1: 1331 
1944,0.7: 281 
1945,1.4: 191 
1946,0.5: 171 2487 
1947,0.4: 1087 
1948,0.7: 624 
1949,0.9: 651 
1950,0.9: 38 
1951,0.5: 300 
1952,1.3: 15 2232 2267 
1953,0.3: 359 
1954,1: 4 
1955,0.4: 274 
1956,1.2: 939 
1957,0.9: 56 
1958,1: 7 
1959,0.9: 9 
1960,0.4: 1031 
1961,1.4: 1240 
1962,0.9: 377 
1963,0.4: 703 
1964,0.6: 122 
1965,0.3: 1473 
1966,0.4: 762 
1967,0.7: 0 
1968,0.7: 77 
1969,0.7: 102 
1970,0.8: 209 
1971,1.2: 72 
1972,0.1: 1491 
1973,0.2: 106 
1974,1.2: 1827 
1975,0.6: 1128 
1976,1.4: 1404 
1977,0.5: 716 
1978,1.1: 31 2404 
1979,1.4: 19 
1980,0.6: 202 
1981,1.4: 0 
1982,0.5: 488 
1983,0.4: 1112 
1984,0.2: 1357 
1985,1.3: 110 
1986,1.2: 1083 
1987,1.1: 439 
1988,0.3: 783 
1989,1.1: 17 2312 
1990,0.9: 636 
1991,0.1: 300 
1992,1.4: 651 
1993,0.3: 0 
1994,1.5: 490 
1995,0.4: 192 
1996,0.3: 18 
1997,0.5: 974 
1998,1.1: 781 
1999,1: 5 
2000,0.2: 214 
2001,0.8: 1193 
2002,0.5: 107 
2003,1.3: 1509 
2004,0.6: 139 
2005,0.3: 812 
2006,1.4: 1729 
2007,0.2: 863 
2008,0.5: 640 
2009,0.1: 1468 
2010,1.3: 811 
2011,1.4: 255 
2012,1.4: 485 2043 
2013,0.9: 298 
2014,1.3: 428 
2015,1.1: 525 
2016,0.6: 1402 
2017,0.7: 1226 2393 
2018,0.7: 140 
2019,0.2: 522 
2020,0.7: 474 
2021,1.5: 1419 
2022,0.9: 693 
2023,0.5: 164 
2024,0.1: 396 
2025,0.7: 811 
2026,0.4: 0 
2027,1.1: 1642 
2028,0.6: 1765 
2029,0.9: 142 
2030,1: 1059 
2031,0.9: 1807 2401 
2032,0.8: 1003 
2033,0.3: 840 
2034,0.7: 289 
2035,1.4: 887 
2036,0.9: 560 
2037,1.3: 82 
2038,0.6: 530 
2039,1.4: 22 
2040,0.4: 318 
2041,0.4: 440 
2042,1.1: 1161 
2043,1.2: 2012 
2044,0.7: 1418 
2045,1.3: 0 
2046,1.4: 527 
2047,0.7: 94 
2048,1.1: 1911 
2049,0.3: 1431 
2050,0.1: 1307 
2051,0.5: 43 
2052,0.7: 139 2295 
2053,1.3: 356 
2054,1: 324 
2055,1.4: 1033 
2056,0.5: 228 
2057,0.5: 1186 
2058,0.9: 914 
2059,1.4: 744 
2060,0.1: 704 
2061,1.1: 1095 
2062,0.6: 9 
2063,0.3: 721 
2064,1.3: 921 
2065,1: 1841 
2066,0.7: 43 
2067,0.4: 64 2109 2449 
2068,0.9: 1180 2280 
2069,0.4: 202 2215 
2070,0.8: 310 
2071,1.4: 318 
2072,0.2: 1802 
2073,0.9: 1767 
2074,1.3: 530 
2075,0.8: 44 
2076,0.1: 286 
2077,0.4: 0 
2078,0.6: 797 
2079,0.3: 74 
2080,0.3: 1 
2081,1.1: 944 
2082,1: 136 2165 2344 2411 
2083,1.3: 198 
2084,0.3: 301 2271 
2085,0.9: 408 2346 
2086,1.4: 0 
2087,0.4: 914 
2088,0.6: 1 
2089,1.5: 0 
2090,1.1: 1494 
2091,1.2: 667 
2092,0.6: 540 
2093,0.4: 826 
2094,1.1: 1097 
2095,1.1: 463 
2096,0.7: 833 
2097,1.4: 509 
2098,0.4: 894 
2099,1.3: 1749 
2100,0.6: 1626 2381 
2101,0.4: 1000 
2102,0.6: 313 
2103,0.5: 44 
2104,1.3: 0 
2105,0.5: 44 
2106,1.1: 1537 
2107,1: 999 
2108,1.1: 284 
2109,0.6: 2067 
2110,1.1: 1683 2140 
2111,1: 727 
2112,0.5: 77 
2113,1.5: 814 
2114,0.5: 522 
2115,1.3: 305 
2116,0.3: 1243 
2117,0.5: 827 
2118,0.3: 545 
2119,0.6: 929 
2120,0.7: 747 
2121,1.4: 899 
2122,0.5: 75 2353 
2123,0.4: 417 
2124,1: 19 
2125,0.2: 737 
2126,0.5: 114 
2127,0.7: 1021 
2128,0.7: 38 
2129,1.3: 365 
2130,0.1: 1822 2148 2177 
2131,0.4: 293 
2132,1.1: 1085 
2133,0.3: 30 
2134,0.4: 198 
2135,0.5: 708 
2136,0.2: 1879 
2137,0.1: 490 
2138,0.3: 445 
2139,0.7: 82 
2140,1.1: 2110 
2141,0.4: 571 
2142,1.1: 17 
2143,1.3: 689 
2144,1.4: 1215 
2145,0.8: 63 
2146,0.8: 600 2466 
2147,0.8: 1867 
2148,0.6: 2130 2322 
2149,0.5: 15 
2150,0.9: 283 
2151,0.1: 879 
2152,0.3: 972 
2153,0.9: 278 
2154,1: 773 
2155,0.7: 550 
2156,0.5: 161 
2157,1.5: 627 
2158,0.5: 1775 
2159,0.6: 640 
2160,0.5: 530 
2161,1.1: 22 2368 
2162,0.5: 1172 
2163,0.7: 106 
2164,1.4: 1351 
2165,0.2: 2082 
2166,1.2: 166 2315 
2167,1.4: 1423 
2168,0.9: 973 
2169,1.4: 1128 
2170,0.1: 1208 
2171,0.7: 1110 
2172,1.3: 114 
2173,0.6: 683 
2174,0.7: 1940 
2175,1.2: 596 
2176,0.8: 413 
2177,0.6: 2130 
2178,0.9: 296 
2179,1: 358 
2180,0.8: 21 
2181,0.7: 288 
2182,0.4: 493 2469 
2183,0.3: 144 
2184,0.6: 954 
2185,0.1: 233 
2186,1.3: 1 
2187,0.5: 20 
2188,0.5: 330 
2189,0.4: 75 
2190,1.2: 232 
2191,0.9: 1382 
2192,1.4: 490 
2193,0.3: 5 
2194,1.2: 116 
2195,0.6: 192 
2196,1.2: 1121 
2197,0.3: 406 
2198,0.9: 382 
2199,0.6: 1817 
2200,1.3: 681 
2201,0.6: 100 
2202,1: 921 
2203,1.1: 623 
2204,0.1: 1541 
2205,0.2: 1910 
2206,0.9: 83 
2207,0.1: 615 
2208,0.6: 1546 
2209,1.1: 91 
2210,1.1: 567 
2211,0.2: 1100 
2212,1.2: 152 
2213,1.2: 198 
2214,1.1: 1 
2215,0.7: 2069 
2216,0.8: 807 
2217,1: 974 
2218,0.3: 4 
2219,1.4: 1923 
2220,1.2: 160 
2221,0.3: 84 
2222,0.3: 1619 
2223,0.8: 1396 
2224,1: 762 
2225,1.2: 1807 2249 
2226,1.4: 594 
2227,1.2: 59 
2228,1.3: 1075 
2229,1.3: 297 
2230,0.2: 268 
2231,0.2: 1629 
2232,0.3: 1952 
2233,0.9: 43 
2234,0.3: 191 
2235,1.2: 187 
2236,1.2: 187 
2237,1.3: 1329 
2238,1: 962 
2239,0.2: 18 
2240,1: 1817 
2241,0.2: 392 
2242,0.9: 904 
2243,1.4: 301 
2244,0.6: 10 
2245,1.3: 709 
2246,0.9: 56 
2247,1: 1059 
2248,1.4: 1107 
2249,0.2: 2225 
2250,1.3: 560 
2251,1.1: 939 
2252,1.2: 1390 
2253,0.3: 1150 
2254,1.5: 0 
2255,1.3: 1860 
2256,1: 305 
2257,0.3: 5 
2258,0.8: 180 
2259,0.5: 176 
2260,0.7: 1775 
2261,0.6: 1629 
2262,0.2: 96 
2263,1.4: 1067 
2264,0.8: 207 
2265,0.4: 27 
2266,0.3: 0 
2267,0.8: 1952 
2268,1.4: 829 
2269,0.7: 194 
2270,1: 524 2369 
2271,1.1: 2084 
2272,0.6: 30 
2273,0.9: 747 
2274,0.3: 166 
2275,0.6: 54 
2276,1.5: 75 
2277,1.4: 293 
2278,0.6: 1577 
2279,1.4: 171 
2280,1.2: 2068 
2281,0.1: 30 
2282,0.4: 1187 
2283,0.4: 0 
2284,0.8: 215 
2285,0.2: 75 
2286,0.8: 622 
2287,0.4: 247 
2288,0.1: 1001 
2289,0.2: 210 
2290,0.5: 395 
2291,0.5: 15 2310 2451 
2292,0.9: 275 
2293,0.1: 912 
2294,0.4: 489 
2295,0.5: 2052 
2296,0.7: 1343 
2297,0.8: 914 
2298,0.6: 1597 
2299,0.1: 954 
2300,0.9: 364 
2301,0.5: 21 
2302,0.3: 958 
2303,0.2: 862 
2304,1.1: 886 
2305,0.4: 198 
2306,0.2: 481 
2307,0.3: 1926 
2308,1.1: 173 
2309,1.5: 247 
2310,0.4: 2291 
2311,0.6: 1 
2312,0.4: 1989 
2313,0.6: 1061 
2314,0.6: 144 
2315,0.3: 2166 
2316,0.8: 242 
2317,0.2: 1125 
2318,0.7: 1593 
2319,0.2: 425 
2320,1: 170 
2321,0.5: 298 
2322,0.4: 2148 
2323,1: 1284 
2324,0.8: 55 
2325,0.9: 1453 
2326,0.2: 953 
2327,0.5: 1664 
2328,1.4: 1192 
2329,1.1: 294 
2330,0.2: 1079 
2331,0.5: 793 
2332,1.3: 256 
2333,0.2: 110 
2334,0.7: 269 
2335,1.1: 36 
2336,0.3: 1047 
2337,0.7: 1279 
2338,0.2: 900 
2339,0.4: 77 
2340,0.2: 636 
2341,0.4: 1 
2342,0.3: 21 
2343,1.3: 1817 
2344,1.1: 2082 
2345,1.2: 560 
2346,1.1: 2085 
2347,0.6: 153 
2348,0.4: 1100 
2349,0.6: 622 
2350,0.3: 353 
2351,1.2: 762 
2352,0.4: 512 
2353,0.2: 2122 
2354,1.1: 844 
2355,1.4: 27 
2356,0.7: 845 
2357,0.1: 868 
2358,0.2: 74 
2359,1.3: 221 
2360,0.1: 1351 
2361,0.8: 1831 
2362,0.3: 0 2366 
2363,1: 84 
2364,0.4: 75 
2365,1.1: 911 
2366,1.4: 2362 
2367,1: 224 
2368,1.3: 2161 
2369,0.2: 2270 
2370,0.2: 133 
2371,0.9: 0 
2372,0.5: 1129 
2373,0.9: 879 
2374,0.7: 1161 
2375,0.1: 45 
2376,0.9: 1652 
2377,1: 700 
2378,0.6: 396 
2379,0.6: 1240 2420 
2380,1.3: 1051 
2381,0.7: 2100 
2382,0.2: 1452 
2383,0.8: 338 
2384,0.3: 535 
2385,0.7: 298 
2386,0.4: 640 
2387,1.3: 1175 
2388,0.5: 322 
2389,0.8: 89 
2390,1.1: 125 
2391,0.1: 1648 
2392,1.4: 112 
2393,0.2: 2017 
2394,1.2: 1022 
2395,0.3: 1346 
2396,0.6: 0 
2397,0.8: 807 
2398,0.3: 955 
2399,0.8: 1098 
2400,1.4: 1047 
2401,1: 2031 
2402,1.1: 1646 
2403,0.6: 9 
2404,0.2: 1978 
2405,1.1: 250 
2406,0.5: 518 
2407,0.9: 18 
2408,1.2: 461 
2409,1.5: 204 
2410,1.1: 415 
2411,0.7: 2082 
2412,0.2: 383 
2413,1.2: 9 
2414,1: 54 
2415,1.2: 1 
2416,0.5: 378 
2417,1.2: 1015 
2418,0.6: 187 
2419,0.3: 1180 
2420,0.5: 2379 
2421,1.2: 1301 
2422,0.3: 5 
2423,1.2: 939 
2424,1.3: 1350 
2425,1.5: 12 
2426,0.7: 132 
2427,0.7: 1006 
2428,0.2: 160 
2429,0.3: 642 
2430,1.5: 1226 
2431,1: 489 
2432,0.6: 520 
2433,0.5: 279 
2434,0.5: 377 
2435,0.5: 1477 
2436,1.4: 1061 
2437,0.5: 1896 
2438,0.3: 689 
2439,0.9: 125 
2440,0.7: 275 
2441,0.1: 110 
2442,1.3: 1857 
2443,1.2: 187 
2444,1.3: 33 
2445,0.1: 463 
2446,0.3: 427 
2447,0.1: 1256 
2448,0.3: 413 
2449,0.7: 2067 
2450,0.5: 34 
2451,1.1: 2291 
2452,1.2: 33 
2453,0.3: 110 
2454,1.4: 366 
2455,0.7: 159 
2456,0.2: 0 
2457,0.6: 1410 
2458,0.6: 211 
2459,0.4: 457 
2460,0.4: 15 
2461,1.1: 2 
2462,0.6: 15 
2463,1.4: 1803 
2464,0.4: 1082 
2465,0.4: 826 
2466,0.7: 2146 
2467,0.5: 44 
2468,1: 475 
2469,0.6: 2182 
2470,1.3: 189 
2471,0.9: 166 
2472,1.5: 106 
2473,1.1: 227 
2474,0.3: 409 
2475,0.4: 323 
2476,0.4: 1 
2477,1.3: 581 
2478,1.2: 548 
2479,1.1: 1106 
2480,1.4: 971 
2481,1.2: 142 
2482,1.1: 617 
2483,0.4: 414 
2484,0.8: 0 
2485,1.1: 5 
2486,0.1: 1183 
2487,0.6: 1946 
2488,0.6: 237 
2489,0.9: 84 
2490,1.4: 721 
2491,0.2: 1586 
2492,1.2: 1250 
2493,1.2: 1697 
2494,0.2: 5 
2495,1.4: 236 
2496,1: 359 
2497,0.7: 1 
2498,0.6: 444 
2499,0.4: 1030 
