277 
0,1.4: 2 4 10 12 52 53 54 57 65 70 110 155 175 177 195 
1,0.2: 3 5 11 42 53 54 57 64 168 176 178 182 196 222 
2,0.4: 0 3 51 52 57 78 79 80 109 115 121 127 163 170 172 173 174 181 182 185 195 197 209 213 217 227 
3,1: 1 2 51 52 56 58 65 67 69 79 81 109 110 122 128 172 173 174 186 196 202 
4,0.2: 0 18 41 49 72 131 163 179 218 
5,1.5: 1 17 19 37 42 50 62 71 73 156 164 173 174 179 216 219 230 
6,0.5: 10 12 20 38 41 51 52 53 55 56 64 65 72 82 131 177 207 220 
7,1.5: 11 12 38 42 52 53 54 55 56 63 65 75 128 148 167 168 
8,0.9: 16 38 70 
9,0.6: 15 17 38 71 
10,0.3: 0 6 13 16 18 37 38 39 41 47 74 75 111 157 170 
11,0.5: 1 7 12 14 19 38 40 42 44 48 71 74 75 158 171 
12,0.3: 0 6 7 11 18 19 37 38 40 42 48 52 54 57 72 74 75 107 108 109 110 112 163 165 175 176 194 195 199 200 206 220 247 
13,1.1: 10 21 39 47 54 55 56 58 59 60 62 63 64 157 170 218 
14,0.5: 11 40 46 48 56 59 60 65 111 112 171 196 
15,1.4: 9 37 40 50 76 165 166 
16,0.2: 8 10 38 39 77 165 169 
17,0.6: 5 9 19 37 38 50 71 75 111 164 166 
18,0.8: 4 10 12 37 43 58 70 72 106 111 112 163 172 174 175 179 216 218 
19,0.8: 5 11 12 17 57 58 71 73 106 111 112 164 172 173 174 176 179 217 219 
20,1.4: 6 57 58 186 
21,1.3: 13 56 57 78 80 82 148 149 170 184 195 206 
22,1.3: 79 81 83 149 183 208 
23,0.6: 172 195 201 217 
24,0.2: 173 196 198 202 216 221 
25,0.3: 51 52 53 54 55 56 63 64 76 77 106 148 149 155 156 163 164 179 229 
26,0.4: 51 52 53 54 55 56 57 58 68 84 93 148 149 264 
27,0.4: 51 52 53 54 55 56 90 99 265 276 
28,0.6: 51 52 55 56 86 91 92 99 238 265 266 
29,0.3: 51 52 57 58 85 93 148 149 269 
30,0.5: 51 52 53 54 57 58 86 94 269 270 
31,0.8: 51 52 53 54 55 56 95 270 271 
32,1.2: 51 52 53 54 55 56 87 96 111 112 271 272 
33,0.9: 51 52 53 54 88 96 272 273 
34,0.6: 97 273 274 
35,1.4: 89 97 274 275 
36,0.4: 98 275 276 
37,1.1: 5 10 12 15 17 18 43 44 70 71 74 75 164 
38,0.9: 6 7 8 9 10 11 12 16 17 43 71 74 75 
39,1.5: 10 13 16 47 70 
40,1.4: 11 12 14 15 73 83 
41,0.6: 4 6 10 47 51 53 55 56 111 112 163 175 177 179 
42,1.1: 1 5 7 11 12 44 52 54 55 56 58 111 112 156 164 171 196 
43,0.5: 18 37 38 47 74 75 
44,1.2: 11 37 42 74 75 
45,1.5: 47 157 
46,1.1: 14 48 111 112 158 
47,1.3: 10 13 39 41 43 45 111 157 195 
48,0.8: 11 12 14 46 71 158 
49,0.9: 4 51 56 57 77 106 119 163 165 179 229 
50,0.4: 5 15 17 52 58 106 164 166 174 230 
51,1: 2 3 6 25 26 27 28 29 30 31 32 33 41 49 52 53 54 55 57 61 64 74 77 79 84 85 86 87 88 89 90 91 92 95 97 106 108 109 110 125 126 135 139 140 141 144 147 148 149 150 155 156 161 165 167 168 175 176 195 199 201 203 205 206 207 217 234 236 237 238 239 240 241 242 243 268 
52,0.3: 0 2 3 6 7 12 25 26 27 28 29 30 31 32 33 42 50 51 53 54 56 58 61 65 76 78 84 85 86 87 88 89 90 91 92 95 97 108 109 110 125 126 136 139 140 147 148 149 151 153 154 155 156 162 166 167 168 172 196 200 202 203 204 206 216 236 237 238 239 240 241 242 243 268 
53,1: 0 1 6 7 25 26 27 30 31 32 33 41 51 52 54 55 56 58 59 60 61 63 64 65 66 68 69 72 88 106 108 109 110 112 148 149 155 156 159 170 171 175 176 207 227 229 230 236 241 244 270 
54,0.3: 0 1 7 12 13 25 26 27 30 31 32 33 42 51 52 53 55 56 57 60 62 64 65 68 69 73 88 109 110 111 148 149 153 154 155 156 159 165 170 171 175 176 195 196 207 228 230 233 236 241 244 270 
55,0.3: 6 7 13 25 26 27 28 31 32 41 42 51 53 54 56 57 61 62 64 84 85 86 87 88 91 92 96 108 109 110 111 112 125 126 139 140 144 147 148 149 161 196 203 204 237 239 240 242 243 
56,0.3: 3 6 7 13 14 21 25 26 27 28 31 32 41 42 49 52 53 54 55 58 61 63 65 84 85 86 87 88 91 92 96 108 109 110 125 126 137 140 147 148 149 153 154 155 162 165 203 205 237 239 240 242 243 
57,0.4: 0 1 2 12 19 20 21 26 29 30 49 51 54 55 65 66 76 77 81 83 84 85 86 87 95 106 107 110 116 121 128 148 149 156 165 166 172 180 195 203 204 206 229 232 234 235 239 240 241 243 269 270 
58,0.5: 3 13 18 19 20 26 29 30 42 50 52 53 56 61 64 66 68 76 80 82 84 85 86 87 95 106 107 110 115 127 128 148 149 153 154 155 165 172 173 180 196 203 205 230 231 232 233 235 239 240 241 243 269 270 
59,0.1: 13 14 53 60 61 63 65 68 111 112 135 137 157 171 247 261 262 266 
60,0.6: 13 14 53 54 59 61 62 63 64 68 112 136 153 154 157 158 261 262 266 
61,0.5: 51 52 53 55 56 58 59 60 65 91 107 137 138 147 148 149 153 154 155 156 157 158 237 
62,0.6: 5 13 54 55 60 63 64 65 73 78 79 137 156 158 171 176 179 217 219 264 
63,0.6: 7 13 25 53 56 59 60 62 64 65 137 138 142 155 157 170 172 179 216 218 264 
64,1.4: 1 6 13 25 51 53 54 55 58 60 62 63 65 79 111 112 125 148 149 153 154 158 159 162 171 176 180 196 205 
65,0.8: 0 3 6 7 14 52 53 54 56 57 59 61 62 63 64 69 78 111 126 148 149 153 154 157 159 161 170 171 204 229 
66,0.2: 53 57 58 69 106 107 108 135 136 152 158 172 173 175 176 180 186 193 194 200 211 
67,1.2: 3 106 107 108 135 136 152 155 157 159 173 175 176 180 193 194 199 217 220 221 222 
68,0.1: 26 53 54 58 59 60 85 100 105 107 148 149 153 154 155 156 157 158 162 180 203 205 260 263 267 
69,1: 3 53 54 65 66 78 79 84 148 149 152 159 169 214 
70,1.5: 0 8 18 37 39 72 
71,0.6: 5 9 11 17 19 37 38 48 73 171 179 
72,0.8: 4 6 12 18 53 70 111 112 163 217 
73,0.8: 5 19 40 54 62 71 111 164 179 219 
74,0.5: 10 11 12 37 38 43 44 51 75 163 
75,0.3: 7 10 11 12 17 37 38 43 44 74 
76,0.7: 15 25 52 57 58 77 164 166 172 173 
77,0.9: 16 25 49 51 57 76 123 163 165 172 173 174 179 
78,0.6: 2 21 52 62 65 69 111 148 153 154 199 223 
79,0.2: 2 3 22 51 62 64 69 81 112 148 149 153 154 200 207 224 
80,0.9: 2 21 58 113 115 127 129 165 167 168 174 177 180 187 195 198 209 216 223 227 231 
81,0.6: 3 22 57 79 114 116 120 128 130 166 167 168 174 180 183 188 196 197 208 217 224 228 232 
82,1.3: 6 21 58 117 127 131 167 168 174 177 180 183 197 210 225 
83,0.1: 22 40 57 118 124 128 132 164 167 168 174 178 180 181 184 198 211 226 
84,0.6: 26 51 52 55 56 57 58 69 100 264 269 
85,0.9: 29 51 52 55 56 57 58 68 100 148 149 264 269 270 
86,0.8: 28 30 51 52 55 56 57 58 87 101 270 271 
87,1.1: 32 51 52 55 56 57 58 86 88 102 271 272 273 
88,0.5: 33 51 52 53 54 55 56 87 89 103 111 112 273 274 
89,1: 35 51 52 88 90 103 112 275 276 
90,1: 27 51 52 89 91 104 105 265 266 
91,0.7: 28 51 52 55 56 61 90 92 105 107 137 238 266 267 
92,0.6: 28 51 52 55 56 91 105 133 142 159 238 266 267 
93,1: 26 29 100 264 269 270 271 
94,0.4: 30 100 101 106 148 149 159 269 270 271 272 
95,0.6: 31 51 52 57 58 101 102 106 148 149 159 270 271 272 273 
96,0.4: 32 33 55 56 102 103 106 148 149 271 272 273 274 
97,1.2: 34 35 51 52 103 104 106 112 148 149 272 273 274 275 
98,1.4: 36 104 105 273 274 275 276 
99,1.3: 27 28 105 106 148 149 238 265 266 275 276 
100,1.1: 68 84 85 93 94 153 154 157 158 235 239 240 247 250 258 260 264 269 
101,1.3: 86 94 95 153 154 155 156 240 241 250 251 252 259 260 263 270 271 
102,1.4: 87 95 96 242 243 252 253 254 260 263 272 273 
103,1.1: 88 89 96 97 244 245 254 255 256 260 261 263 274 275 
104,0.6: 90 97 98 236 246 248 256 257 263 265 276 
105,0.1: 68 90 91 92 98 99 107 133 134 169 237 238 248 249 266 267 
106,1.5: 18 19 25 49 50 51 53 57 58 66 67 94 95 96 97 99 109 110 135 136 137 138 141 142 144 148 149 150 151 152 159 163 164 176 179 200 201 202 207 216 217 218 219 238 247 249 
107,1.2: 12 57 58 61 66 67 68 91 105 108 133 156 157 158 172 173 174 192 193 194 217 261 262 
108,0.4: 12 51 52 53 55 56 66 67 107 155 156 157 158 165 172 173 193 194 261 262 
109,0.7: 2 3 12 51 52 53 54 55 56 106 110 149 206 
110,1.3: 0 3 12 51 52 53 54 55 56 57 58 106 109 148 247 
111,0.3: 10 14 17 18 19 32 41 42 46 47 54 55 59 64 65 72 73 78 88 112 143 157 170 175 179 203 204 243 259 262 
112,1.2: 12 14 18 19 32 41 42 46 53 55 59 60 64 72 79 88 89 97 111 144 154 158 171 176 196 203 204 242 243 258 259 260 262 263 
113,0.8: 80 115 119 159 177 187 223 
114,0.7: 81 116 120 128 159 178 188 
115,1.3: 2 58 80 113 117 121 183 185 186 187 188 191 227 
116,1.4: 57 81 114 118 122 164 183 184 185 186 187 188 190 226 228 230 
117,0.8: 82 115 123 127 131 159 177 183 233 
118,0.2: 83 116 124 128 132 159 178 184 234 
119,1.4: 49 113 129 165 177 190 191 223 
120,0.5: 81 114 168 174 178 189 190 191 224 
121,1.4: 2 57 115 129 131 167 174 185 186 191 192 229 
122,1.5: 3 116 128 130 132 174 185 190 192 226 228 
123,0.2: 77 117 131 163 174 177 190 191 192 225 
124,0.9: 83 118 132 164 174 178 190 191 192 226 230 
125,0.3: 51 52 55 56 64 139 141 147 149 153 161 238 
126,1: 51 52 55 56 65 142 147 148 149 159 161 
127,0.6: 2 58 80 82 117 165 183 184 185 187 190 200 220 221 222 231 
128,0.7: 3 7 57 58 81 83 114 118 122 166 180 184 185 186 188 191 201 220 221 222 
129,1.3: 80 119 121 168 174 177 184 214 
130,0.6: 81 122 167 168 174 178 183 198 215 
131,1: 4 6 82 117 121 123 167 174 177 188 212 
132,1.2: 83 118 122 124 168 174 178 187 191 213 230 
133,0.2: 92 105 107 154 
134,0.1: 105 
135,1.4: 51 59 66 67 106 136 148 152 159 246 
136,1.3: 52 60 66 67 106 135 144 149 152 159 246 
137,0.7: 56 59 61 62 63 91 106 138 139 140 157 
138,0.4: 61 63 106 137 139 140 157 
139,1.3: 51 52 55 125 137 138 140 148 238 
140,1: 51 52 55 56 137 138 139 148 149 238 
141,1.1: 51 106 125 142 148 238 
142,0.6: 63 92 106 126 141 149 238 
143,1: 111 
144,0.1: 51 55 106 112 136 149 
145,0.5: 199 218 219 
146,0.5: 200 218 219 
147,0.6: 51 52 55 56 61 125 126 153 154 
148,1.5: 7 21 25 26 29 51 52 53 54 55 56 57 58 61 64 65 68 69 78 79 85 94 95 96 97 99 106 110 126 135 139 140 141 149 151 152 156 159 161 169 171 180 214 238 249 251 252 253 254 255 256 
149,0.9: 21 22 25 26 29 51 52 53 54 55 56 57 58 61 64 65 68 69 79 85 94 95 96 97 99 106 109 125 126 136 140 142 144 148 150 153 154 155 156 159 162 169 171 215 238 249 251 252 253 254 255 256 
150,1.4: 51 106 149 151 
151,0.5: 52 106 148 150 
152,0.9: 66 67 69 106 135 136 148 159 
153,1: 52 54 56 58 60 61 64 65 68 78 79 100 101 125 147 149 154 160 161 171 259 260 267 270 271 
154,0.3: 52 54 56 58 60 61 64 65 68 78 79 100 101 112 133 147 149 153 160 162 171 259 260 267 270 271 
155,0.6: 0 25 51 52 53 54 56 58 61 63 67 68 101 108 149 158 170 172 
156,0.1: 5 25 42 51 52 53 54 57 61 62 68 101 107 108 148 149 157 164 171 173 176 
157,1.4: 10 13 45 47 59 60 61 63 65 67 68 100 107 108 111 137 138 156 195 263 264 
158,0.3: 11 46 48 60 61 62 64 66 68 100 107 108 112 155 171 260 264 
159,1.4: 53 54 64 65 67 69 92 94 95 106 113 114 117 118 126 135 136 148 149 152 177 178 203 
160,0.6: 153 154 161 162 260 
161,1: 51 55 65 125 126 148 153 160 162 238 
162,0.7: 52 56 64 68 149 154 160 161 238 
163,1.3: 2 4 12 18 25 41 49 72 74 77 106 123 164 165 174 179 181 182 183 184 185 186 187 188 208 220 221 222 229 233 
164,0.6: 5 17 19 25 37 42 50 73 76 83 106 116 124 156 163 166 174 179 181 182 183 184 185 186 187 188 200 208 209 210 220 221 222 230 234 
165,0.4: 12 15 16 49 51 54 56 57 58 77 80 108 119 127 163 172 174 175 180 189 222 231 233 
166,0.3: 15 17 50 52 57 76 81 128 164 173 174 176 180 189 220 232 234 
167,0.9: 7 51 52 80 81 82 83 121 130 131 175 176 182 194 216 220 221 222 229 
168,0.2: 1 7 51 52 80 81 82 83 120 129 130 132 206 217 220 221 222 227 228 230 
169,0.9: 16 69 105 148 149 189 
170,0.6: 2 10 13 21 53 54 63 65 111 155 175 176 
171,0.8: 11 14 42 53 54 59 62 64 65 71 112 148 149 153 154 156 158 176 178 
172,1.4: 2 3 18 19 23 52 57 58 63 66 76 77 107 108 155 165 179 193 198 229 
173,0.7: 2 3 5 19 24 58 66 67 76 77 107 108 156 166 179 197 230 
174,1.4: 2 3 5 18 19 50 77 80 81 82 83 107 120 121 122 123 124 129 130 131 132 163 164 165 166 177 178 191 192 233 234 
175,0.9: 0 12 18 41 51 53 54 66 67 111 165 167 170 180 185 186 194 199 200 201 202 221 247 
176,0.7: 1 12 19 51 53 54 62 64 66 67 106 112 156 166 167 170 171 180 185 186 194 199 200 201 202 220 221 
177,1.2: 0 6 41 80 82 113 117 119 123 129 131 159 174 223 225 
178,0.2: 1 83 114 118 120 124 130 132 159 171 174 224 226 230 
179,1.1: 4 5 18 19 25 41 49 62 63 71 73 77 106 111 163 164 172 173 196 229 230 
180,0.9: 57 58 64 66 67 68 80 81 82 83 128 148 165 166 175 176 183 185 186 206 220 221 222 233 234 
181,0.3: 2 83 163 164 185 187 200 211 219 221 
182,1.3: 1 2 163 164 167 183 186 188 192 199 210 220 222 
183,1.1: 22 81 82 115 116 117 127 130 163 164 180 182 186 187 188 222 232 233 234 
184,0.7: 21 83 116 118 127 128 129 163 164 185 187 223 227 231 234 
185,0.8: 2 115 116 121 122 127 128 163 164 175 176 180 181 184 186 193 195 196 228 
186,0.9: 3 20 66 115 116 121 128 163 164 175 176 180 182 183 185 193 194 195 196 197 228 230 
187,0.8: 80 113 115 116 127 132 163 164 181 183 184 195 196 226 231 234 
188,0.8: 81 114 115 116 128 131 163 164 182 183 196 215 224 232 233 
189,0.8: 120 165 166 169 216 217 224 
190,0.7: 116 119 120 122 123 124 127 223 225 
191,0.2: 115 119 120 121 123 124 128 132 174 198 224 225 226 
192,1: 107 121 122 123 124 174 182 218 219 221 225 226 
193,0.5: 66 67 107 108 172 185 186 196 200 206 247 
194,1: 12 66 67 107 108 167 175 176 186 201 
195,0.7: 0 2 12 21 23 47 51 54 57 80 157 185 186 187 198 199 200 210 214 218 229 
196,1.4: 1 3 14 24 42 52 54 55 58 64 81 112 179 185 186 187 188 193 228 230 
197,0.4: 2 81 82 173 186 207 
198,0.7: 24 80 83 130 172 191 195 207 
199,0.2: 12 51 67 78 145 175 176 182 195 218 247 
200,1.2: 12 52 66 79 106 127 146 164 175 176 181 193 195 219 247 
201,0.3: 23 51 106 128 175 176 194 217 221 
202,1.2: 3 24 52 106 175 176 216 220 
203,0.2: 51 52 55 56 57 58 68 111 112 159 239 247 
204,1: 52 55 57 65 111 112 
205,0.3: 51 56 58 64 68 
206,1: 12 21 51 52 57 109 168 180 193 
207,0.1: 6 51 53 54 79 106 197 198 
208,0.9: 22 81 163 164 228 
209,0.6: 2 80 164 
210,1.4: 82 164 182 195 227 
211,1.1: 66 83 181 228 230 
212,1: 131 
213,0.5: 2 132 
214,0.7: 69 129 148 195 233 234 
215,0.5: 130 149 188 234 
216,0.9: 5 18 24 52 63 80 106 167 189 202 228 
217,0.7: 2 19 23 51 62 67 72 81 106 107 168 189 201 227 
218,0.9: 4 13 18 63 106 145 146 192 195 199 
219,0.8: 5 19 62 73 106 145 146 181 192 200 
220,1.3: 6 12 67 127 128 163 164 166 167 168 176 180 182 202 222 231 232 
221,1.1: 24 67 127 128 163 164 167 168 175 176 180 181 192 201 231 232 
222,1.4: 1 67 127 128 163 164 165 167 168 180 182 183 220 233 
223,1.5: 78 80 113 119 177 184 190 
224,0.8: 79 81 120 178 188 189 191 232 
225,1.4: 82 123 177 190 191 192 
226,0.9: 83 116 122 124 178 187 191 192 
227,1: 2 53 80 115 168 184 210 217 229 
228,0.1: 54 81 116 122 168 185 186 196 208 211 216 230 
229,1.5: 25 49 53 57 65 121 163 167 172 179 195 227 
230,1: 5 50 53 54 58 116 124 132 164 168 173 178 179 186 196 211 228 
231,1.3: 58 80 127 165 184 187 220 221 
232,0.5: 57 58 81 166 183 188 220 221 224 
233,1.1: 54 58 117 163 165 174 180 183 188 214 222 
234,0.9: 51 57 118 164 166 174 180 183 184 187 214 215 
235,1.3: 57 58 100 239 247 264 
236,0.9: 51 52 53 54 104 237 246 
237,1.1: 51 52 55 56 61 105 236 238 265 266 
238,1.1: 28 51 52 91 92 99 105 106 125 139 140 141 142 148 149 161 162 237 249 267 268 
239,0.6: 51 52 55 56 57 58 100 203 235 240 247 250 264 269 
240,1: 51 52 55 56 57 58 100 101 239 241 247 269 270 
241,1: 51 52 53 54 57 58 101 240 242 271 
242,1.3: 51 52 55 56 102 112 241 243 271 272 
243,0.1: 51 52 55 56 57 58 102 111 112 242 244 
244,0.1: 53 54 103 243 245 273 274 
245,0.8: 103 244 246 
246,1.1: 104 135 136 236 245 275 276 
247,1.3: 12 59 100 106 110 175 193 199 200 203 235 239 240 264 269 
248,0.6: 104 105 
249,0.9: 105 106 148 149 238 
250,1.5: 100 101 239 259 269 270 
251,0.1: 101 148 149 
252,0.2: 101 102 148 149 
253,1.2: 102 148 149 
254,0.7: 102 103 148 149 
255,0.5: 103 148 149 
256,0.3: 103 104 148 149 
257,1.1: 104 
258,1: 100 112 259 260 264 
259,1.5: 101 111 112 153 154 250 258 260 264 271 
260,0.1: 68 100 101 102 103 112 153 154 158 160 258 259 261 262 264 269 270 271 272 273 274 
261,0.5: 59 60 103 107 108 260 262 
262,0.4: 59 60 107 108 111 112 260 261 263 
263,1.1: 68 101 102 103 104 112 157 262 265 266 267 268 274 275 276 
264,0.2: 26 62 63 84 85 93 100 157 158 235 239 247 258 259 260 
265,0.9: 27 28 90 99 104 237 263 
266,1.5: 28 59 60 90 91 92 99 105 237 263 
267,0.7: 68 91 92 105 153 154 238 263 
268,0.2: 51 52 238 263 
269,1.4: 29 30 57 58 84 85 93 94 100 239 240 247 250 260 
270,1.5: 30 31 53 54 57 58 85 86 93 94 95 101 153 154 240 250 260 
271,0.5: 31 32 86 87 93 94 95 96 101 153 154 241 242 259 260 
272,0.5: 32 33 87 94 95 96 97 102 242 260 
273,1.5: 33 34 87 88 95 96 97 98 102 244 260 
274,0.8: 34 35 88 96 97 98 103 244 260 263 
275,1.1: 35 36 89 97 98 99 103 246 263 
276,0.2: 27 36 89 98 99 104 246 263 
