2344 
0,0.7: 1171 1238 1321 1389 1742 
1,0.9: 573 1025 1321 1631 2157 
2,1: 62 368 
3,0.2: 1524 2081 
4,0.5: 1739 
5,1.3: 475 2054 
6,0.6: 282 513 706 2229 
7,0.9: 1051 1846 
8,0.6: 41 1531 1668 
9,1.3: 1693 
10,0.8: 839 2242 2247 
11,0.6: 22 690 728 1426 1884 
12,1: 573 1300 
13,1.5: 175 218 1152 1193 2170 
14,0.8: 517 865 1255 2088 
15,0.6: 287 638 642 1066 1629 1693 
16,1.4: 418 792 1614 1756 
17,0.4: 295 459 1350 1623 
18,0.6: 275 380 1145 1240 
19,0.4: 955 1289 1816 1843 1907 2033 
20,0.7: 256 1648 
21,1.2: 395 1239 
22,0.5: 11 1296 2324 
23,0.9: 517 1000 
24,0.6: 71 913 1182 1989 2170 
25,0.9: 1317 2192 
26,0.5: 248 1675 
27,1: 517 
28,1.3: 1508 1793 
29,1.5: 838 1469 
30,0.4: 2079 
31,1.1: 850 1192 1815 
32,1.2: 491 575 1875 
33,1.3: 672 916 1037 1654 1673 
34,1.5: 884 1606 1882 2330 
35,0.8: 128 
36,1.1: 416 477 958 1526 2331 
37,0.6: 2313 
38,0.9: 846 855 
39,0.9: 994 1816 1970 2075 
40,0.2: 201 945 1084 
41,0.6: 8 869 1173 
42,0.7: 1248 2187 
43,0.6: 802 1225 
44,0.9: 891 1949 
45,1.2: 185 1726 
46,0.5: 1308 1681 
47,0.9: 959 2318 
48,0.6: 1288 2014 
49,0.4: 222 1450 1511 2099 2223 
50,1.3: 62 426 614 634 918 1733 
51,0.8: 178 468 1524 1542 
52,0.3: 549 1456 1674 1694 1740 
53,0.8: 767 1163 1449 1923 
54,0.9: 314 1316 
55,1.1: 162 
56,0.2: 163 290 443 1712 
57,1.2: 1559 1572 2200 2240 
58,0.8: 800 1632 1652 
59,1.1: 137 1537 1980 
60,0.6: 106 589 2299 
61,1: 276 1372 
62,0.2: 2 50 724 1509 
63,0.9: 1982 2042 2235 
64,0.1: 504 1331 1618 1987 
65,0.9: 1175 1723 
66,1: 666 
67,1: 312 775 1026 1342 
68,0.5: 1447 1524 1889 
69,0.7: 157 645 797 1248 
70,1.3: 1054 2170 
71,1.2: 24 181 1434 1598 1955 2308 
72,1.1: 221 966 1184 1414 1670 2330 
73,0.9: 919 1281 1519 
74,1.4: 218 487 759 1065 1263 1694 
75,1.2: 608 813 1125 
76,1.3: 1483 2226 
77,0.3: 1932 1974 2142 
78,0.8: 425 726 1704 
79,1.4: 688 1774 1869 
80,0.2: 204 883 1549 
81,0.7: 333 381 1114 
82,1.2: 1247 2127 
83,0.2: 459 784 870 
84,0.6: 935 2028 
85,0.3: 1031 1084 1878 
86,1.3: 254 1110 1259 1987 
87,1.2: 702 1089 2096 2232 
88,1: 1931 1934 2263 
89,0.2: 673 1267 1464 1686 2008 
90,0.6: 681 
91,1.1: 347 741 799 933 1850 
92,0.1: 559 690 1030 1169 1365 
93,0.5: 308 364 1591 1712 
94,0.9: 243 815 
95,0.6: 872 1458 1775 
96,0.9: 132 629 958 1123 
97,0.7: 386 743 2119 
98,1.3: 1414 1601 1951 2120 2154 
99,0.4: 1394 
100,0.7: 698 1986 
101,1: 1036 1082 
102,1.3: 841 2268 
103,1.2: 313 1075 
104,1.4: 235 1188 
105,1.4: 1247 
106,1.2: 60 1364 2341 
107,0.8: 214 1253 2292 
108,1.2: 1179 1474 1838 
109,0.9: 466 
110,1.4: 448 451 874 
111,0.3: 1066 1249 2293 2314 
112,1.5: 236 634 803 840 1048 1754 1983 
113,0.8: 446 459 989 1400 1527 2256 
114,1.5: 1497 
115,0.2: 1746 2180 
116,1.2: 603 1555 1658 
117,1.5: 883 998 1798 
118,1.5: 199 678 981 1454 1843 2251 
119,1.5: 1162 1568 
120,1.5: 466 1555 
121,0.2: 711 818 2075 
122,0.4: 236 258 1576 1636 
123,0.7: 1476 2242 
124,1.1: 555 
125,0.3: 900 919 1347 1688 
126,1.4: 184 312 656 2127 
127,0.9: 1047 2059 
128,0.9: 35 
129,1.2: 643 
130,1.4: 1199 1533 
131,0.4: 1017 1283 1432 
132,0.2: 96 446 2195 
133,0.3: 731 761 1156 1797 
134,1.1: 430 1041 1060 
135,1.3: 283 305 914 
136,0.4: 1534 
137,1.4: 59 1593 1758 2249 
138,0.3: 1177 2043 
139,1: 532 631 669 1094 1127 2277 
140,0.3: 296 1340 1399 1958 2019 2230 
141,0.3: 1075 1329 1404 1604 1606 2018 
142,0.1: 469 1212 1479 1660 
143,0.6: 298 870 1308 2302 
144,0.5: 367 
145,1.3: 424 789 1126 1251 
146,1.4: 158 485 650 1156 
147,0.6: 1059 1660 
148,0.4: 811 1138 1674 2307 
149,0.4: 212 617 2194 
150,1.3: 746 
151,1.3: 599 913 1196 1410 
152,0.6: 2269 
153,0.5: 731 739 1784 1877 1878 
154,0.8: 1237 1279 1705 
155,0.6: 800 1441 1446 1654 1988 
156,0.8: 235 1144 1363 1897 
157,0.4: 69 
158,0.6: 146 539 970 1469 1803 
159,0.8: 500 778 1145 1188 
160,0.2: 1812 
161,1.3: 1051 2029 
162,1.5: 55 1026 2074 
163,0.3: 56 781 1687 
164,0.9: 1890 2106 2194 
165,0.9: 1972 2172 
166,0.7: 1642 
167,0.9: 1790 
168,1.3: 279 817 
169,0.3: 668 778 843 863 1448 2180 
170,0.3: 698 866 1435 
171,0.6: 604 833 
172,0.7: 615 861 1254 
173,0.9: 462 658 
174,0.4: 1704 
175,0.4: 13 820 1393 1936 2241 
176,0.9: 189 194 1073 
177,1.2: 1991 
178,0.3: 51 933 
179,1.3: 537 1450 1642 
180,1.2: 605 
181,1.2: 71 482 1843 2072 2208 
182,1.3: 246 
183,1: 1231 
184,1: 126 1734 
185,1.3: 45 
186,0.2: 526 620 866 1892 
187,1.3: 1161 1802 1814 2005 
188,1.4: 952 1618 
189,0.8: 176 1325 1398 
190,0.5: 1605 
191,1.1: 366 699 1404 1910 2155 
192,0.7: 675 1623 
193,1.2: 765 990 1265 
194,0.1: 176 367 1003 
195,0.7: 377 1594 
196,0.3: 2174 
197,1.5: 1008 1477 
198,1: 1365 1369 2332 
199,0.9: 118 900 969 1206 2260 2290 
200,0.3: 1260 
201,1.4: 40 
202,1: 272 488 
203,1.2: 413 504 675 
204,0.7: 80 405 1683 
205,0.1: 1880 
206,1.4: 413 812 
207,0.5: 1354 1365 1721 
208,1.3: 1276 2129 
209,1.2: 656 744 1132 1606 
210,1.1: 273 537 
211,0.6: 504 632 677 835 
212,0.7: 149 
213,0.4: 279 961 1928 
214,0.5: 107 1024 
215,0.9: 737 1431 2143 
216,0.9: 561 2029 
217,0.3: 911 1079 1237 
218,0.2: 13 74 1217 1635 1817 2223 
219,0.6: 247 
220,1.2: 1730 2066 
221,0.8: 72 832 1715 1737 2071 
222,1.3: 49 714 983 1164 1183 1424 2332 
223,1.5: 1479 
224,1.2: 1087 1286 
225,0.3: 362 898 1237 1317 1465 1605 1720 
226,0.1: 1348 
227,1.1: 1188 1666 1670 2007 
228,1.3: 292 1276 1322 
229,1.4: 548 
230,1.3: 398 1168 
231,1.1: 1788 1821 1842 1967 
232,0.3: 2144 
233,0.2: 1255 1911 
234,1.2: 483 1734 
235,0.4: 104 156 702 1168 1854 1991 
236,1.5: 112 122 1822 
237,1: 348 352 1451 2072 
238,0.1: 1368 
239,1.4: 1394 
240,0.9: 440 1454 
241,1.1: 591 1173 2169 
242,1.4: 1136 
243,0.3: 94 352 1297 2157 
244,1: 530 578 
245,1.1: 582 664 1680 
246,1.2: 182 613 
247,1.3: 219 524 807 1008 1473 2001 
248,0.5: 26 970 1509 
249,0.5: 575 578 1046 
250,0.4: 1163 
251,0.5: 876 1873 2091 
252,0.2: 278 1021 1558 1699 1964 
253,1: 322 
254,0.1: 86 392 755 1516 
255,0.5: 361 926 1996 
256,0.8: 20 1333 
257,1: 837 1239 1566 1681 
258,0.5: 122 1128 1384 2315 
259,0.8: 1797 
260,1.3: 441 
261,0.8: 865 1416 
262,0.8: 609 678 715 1244 2146 2181 
263,1.1: 1624 
264,0.3: 1776 
265,0.3: 680 1664 2178 2253 
266,0.4: 1256 
267,0.8: 1167 
268,1.3: 531 2274 
269,0.2: 2249 
270,0.5: 991 1793 
271,1.1: 414 
272,0.5: 202 1452 
273,1: 210 1260 1534 1949 2080 
274,0.2: 704 897 1129 
275,1.3: 18 432 736 
276,0.2: 61 368 1973 2092 2170 
277,0.3: 2221 
278,0.2: 252 722 809 1072 1268 2205 
279,1.4: 168 213 1260 
280,0.8: 1837 
281,0.7: 2049 2165 
282,1.5: 6 527 728 806 836 1044 1548 
283,1.3: 135 1266 1849 
284,0.2: 1739 2139 
285,0.3: 2074 
286,0.7: 357 1866 2066 
287,0.4: 15 443 1014 1197 1311 2130 
288,0.9: 816 
289,0.5: 757 927 936 1599 1694 2002 
290,0.3: 56 929 
291,1.2: 831 1998 
292,1.3: 228 465 1967 1993 
293,1: 1048 1504 2164 2319 
294,0.7: 1497 
295,0.1: 17 
296,0.1: 140 852 1595 2142 2264 
297,0.5: 1934 2153 
298,1.1: 143 770 958 1107 1363 1508 2127 
299,1.3: 1266 1453 
300,1.2: 665 1412 1623 
301,0.8: 740 822 
302,1.3: 748 2195 
303,0.9: 642 1091 1119 1343 1374 
304,0.9: 716 
305,0.9: 135 421 1635 1667 1867 2284 
306,0.7: 594 1031 1804 
307,1.2: 1032 2104 
308,0.1: 93 970 1607 
309,1: 657 852 914 937 1193 2020 
310,0.6: 2313 
311,0.8: 631 662 1017 1298 1513 2240 
312,0.3: 67 126 1198 2257 
313,1.5: 103 435 935 1202 1312 1328 1935 
314,1.4: 54 819 1379 
315,1.4: 958 2055 
316,0.7: 739 959 
317,0.3: 2092 
318,1.2: 1103 1982 
319,0.8: 780 1046 1151 1247 1374 1449 
320,1.2: 1414 1530 
321,0.3: 1346 1993 
322,1: 253 802 2225 
323,0.9: 1562 
324,1.4: 360 629 
325,1.2: 650 1133 2072 2302 
326,1.1: 639 827 1148 2159 
327,1.4: 1484 
328,0.6: 408 1142 1851 1937 
329,0.5: 2332 
330,1.4: 730 865 1139 1304 1415 1532 1652 2328 
331,1.1: 2054 
332,0.5: 412 578 
333,1.1: 81 1368 2018 
334,0.6: 584 2188 
335,1.4: 881 1414 
336,0.5: 486 807 846 2281 
337,0.7: 1145 1153 1176 1437 1546 2177 
338,1.3: 341 730 1070 1926 1934 
339,1: 1221 1786 1837 1978 2036 2136 
340,0.1: 1218 1362 
341,1.4: 338 444 642 1361 1618 
342,0.6: 867 1162 1773 
343,1: 525 
344,0.7: 875 2063 
345,0.2: 393 1171 1983 
346,0.5: 760 1342 
347,0.1: 91 1906 2320 
348,1.1: 237 441 1138 1411 2115 2287 
349,0.8: 998 2211 
350,1.3: 2140 
351,1.2: 524 
352,1.3: 237 243 1984 
353,0.7: 978 
354,1.1: 1001 1165 
355,0.7: 1079 
356,1: 497 924 1443 
357,1.2: 286 2052 
358,1.5: 418 721 842 
359,0.1: 820 1612 2283 2286 
360,1.4: 324 574 592 819 1238 1403 
361,1.1: 255 1355 1761 1835 
362,1.4: 225 1126 1483 1758 
363,1.4: 1101 1910 
364,0.5: 93 789 
365,1.5: 1203 1382 1766 2166 
366,1.5: 191 819 1024 
367,1.2: 144 194 1042 1056 1468 2321 
368,0.2: 2 276 485 1105 
369,1.4: 432 1135 
370,0.6: 944 1188 2022 2130 2158 2272 
371,0.3: 506 596 2217 2291 
372,0.4: 790 1026 1107 1672 
373,0.2: 516 2064 
374,1: 844 
375,0.1: 554 724 984 1020 1208 
376,0.5: 1766 
377,1.1: 195 1393 
378,1.2: 492 2098 
379,0.6: 1657 1801 2083 
380,1: 18 472 895 1236 1312 2311 
381,1.3: 81 545 1328 
382,0.1: 1233 1268 1390 2180 2280 2289 
383,0.7: 1169 1290 2196 2255 
384,0.5: 810 1210 1481 1530 2216 
385,0.1: 710 894 1288 2204 
386,1.3: 97 980 2317 
387,0.7: 1388 2185 2199 
388,0.8: 622 1276 
389,0.9: 1046 1086 1437 1504 
390,1.4: 693 1963 
391,0.4: 676 989 1297 2314 
392,0.6: 254 913 1067 1105 2042 
393,0.5: 345 624 642 1211 
394,1.5: 1264 1895 
395,1.3: 21 1543 1682 1946 2140 
396,1: 741 1098 1801 2041 2132 
397,1.2: 2161 
398,0.8: 230 859 1825 
399,1: 1703 1857 
400,0.3: 973 1813 
401,1: 569 831 1907 
402,0.9: 532 1169 1312 1334 1523 
403,1: 2094 
404,1.3: 734 870 1112 1155 1452 1963 
405,0.7: 204 1432 
406,1.1: 1278 1512 
407,1.2: 833 
408,0.5: 328 1979 
409,1: 1178 1716 
410,0.8: 837 1785 2224 
411,1.4: 418 
412,1.1: 332 616 665 1777 2265 
413,1.4: 203 206 1320 1452 1828 2290 
414,1.3: 271 1593 
415,0.3: 1632 
416,1.2: 36 1140 
417,0.6: 841 1669 2282 
418,0.8: 16 358 411 464 1999 
419,0.9: 1005 1854 
420,0.6: 1731 
421,0.5: 305 1804 
422,0.5: 755 1188 1421 1770 1827 
423,0.2: 545 1170 1239 1752 1907 
424,0.6: 145 1667 1920 
425,0.6: 78 1501 2338 
426,0.4: 50 1156 1373 1527 
427,0.3: 451 533 1404 
428,0.5: 2064 
429,0.5: 1256 
430,0.4: 134 
431,1: 1423 
432,1.1: 275 369 2306 
433,0.6: 1050 1319 1650 
434,0.6: 2188 
435,1.1: 313 1159 1322 
436,1.1: 1130 
437,0.3: 1765 1967 
438,0.7: 2208 
439,1.2: 461 489 
440,1: 240 500 713 739 1645 2138 
441,0.6: 260 348 752 1926 2204 
442,0.2: 2126 2178 
443,0.3: 56 287 600 1145 1607 
444,0.9: 341 2275 
445,1.4: 847 
446,1: 113 132 625 700 1317 1839 
447,0.6: 507 613 676 905 1661 1806 
448,0.5: 110 849 1268 1407 2237 
449,0.5: 931 2329 
450,1.5: 489 1051 1464 1578 1782 
451,0.5: 110 427 
452,0.6: 774 2283 
453,1.2: 931 2078 
454,0.7: 2095 
455,1: 1210 1820 2190 
456,1.4: 544 1124 1892 
457,1.2: 459 
458,0.6: 1120 
459,0.8: 17 83 113 457 491 951 963 1197 1571 
460,0.1: 602 893 1336 
461,0.6: 439 517 1527 1536 1643 
462,1.3: 173 817 1343 1915 
463,1.1: 1417 1447 
464,0.6: 418 1052 
465,0.8: 292 1020 
466,0.9: 109 120 564 649 1020 1670 
467,1.4: 1150 
468,0.9: 51 1946 2197 
469,0.2: 142 903 1673 1830 
470,1.1: 1952 2021 
471,0.7: 1123 1258 1343 1361 
472,1: 380 949 1506 
473,1.3: 708 1577 1946 1954 2244 2311 
474,1.3: 2119 2296 
475,1.1: 5 717 802 1420 1877 
476,0.8: 1522 2112 
477,0.6: 36 1043 
478,1: 741 1695 
479,1.5: 1821 2041 
480,0.6: 695 
481,0.3: 708 1715 2103 
482,0.6: 181 1041 1053 1432 2040 
483,1.4: 234 2071 2198 
484,1.5: 985 
485,1.3: 146 368 662 1121 2246 
486,0.8: 336 801 842 
487,0.3: 74 768 928 
488,0.9: 202 675 976 1010 1590 1680 1995 
489,0.6: 439 450 799 1347 2130 
490,0.6: 952 
491,1: 32 459 621 1039 1886 
492,0.8: 378 2146 
493,1.1: 1101 1773 
494,0.8: 1042 
495,0.7: 541 651 1027 1250 
496,1.4: 1017 1563 1894 
497,0.4: 356 782 
498,0.7: 673 2187 
499,1.2: 1993 2086 
500,0.5: 159 440 925 933 1083 1200 
501,0.4: 920 1533 1707 1922 
502,1.2: 1787 1833 
503,0.7: 1319 1386 1609 
504,1.1: 64 203 211 610 
505,0.5: 943 
506,0.2: 371 675 892 
507,0.7: 447 570 756 1835 1967 2027 
508,0.3: 805 
509,0.5: 1212 1478 1772 
510,0.2: 1325 1706 
511,1.3: 1299 2214 
512,0.1: 1405 
513,1.1: 6 816 
514,0.2: 589 1829 
515,0.4: 1233 1295 
516,0.2: 373 1193 
517,1.5: 14 23 27 461 580 827 1236 2304 
518,0.9: 789 
519,0.4: 1108 2175 2245 
520,1.1: 679 1471 2247 
521,1.1: 1693 2250 
522,0.2: 543 2013 
523,0.8: 560 978 
524,0.4: 247 351 1996 2242 
525,0.4: 343 1466 
526,0.2: 186 730 1415 2205 
527,0.2: 282 2204 
528,1.1: 542 861 1066 1819 2236 2250 
529,1: 1015 1250 
530,0.4: 244 
531,0.2: 268 1116 1259 1491 1608 
532,1.3: 139 402 2088 
533,1.3: 427 
534,0.3: 821 945 1308 1334 1726 
535,0.2: 780 958 
536,0.8: 943 2208 
537,0.8: 179 210 726 1104 1432 2053 
538,1.2: 1421 2138 
539,0.7: 158 
540,1.4: 1393 
541,0.2: 495 619 1126 1408 
542,0.2: 528 1351 1402 
543,1.3: 522 748 890 1113 
544,0.2: 456 1264 1378 1980 
545,0.9: 381 423 929 979 1236 1473 
546,0.7: 1230 
547,1.3: 1585 1614 1619 1858 1910 1921 
548,1.2: 229 784 1170 1354 
549,1.4: 52 1285 
550,1.4: 1053 1493 1754 2171 
551,1.5: 1129 1446 1789 
552,1.1: 869 1552 2126 
553,0.9: 771 
554,1.1: 375 
555,0.6: 124 562 987 
556,0.3: 1268 
557,1: 1366 1602 
558,0.1: 725 941 1118 1315 1986 
559,0.5: 92 902 1078 1688 1867 1922 
560,1.4: 523 750 1992 2239 
561,0.8: 216 1611 
562,0.7: 555 1796 2125 2212 
563,0.7: 935 999 1094 1938 
564,0.5: 466 1252 1815 1903 
565,1.1: 883 1036 1068 1260 
566,0.6: 1658 1824 2190 
567,1.2: 1001 1725 1788 1802 
568,1.2: 660 1258 1500 2042 2215 
569,0.8: 401 
570,0.8: 507 796 971 1022 1181 
571,0.4: 1664 
572,0.2: 904 
573,0.7: 1 12 2147 
574,0.8: 360 1072 1594 1709 
575,0.6: 32 249 940 1790 1841 
576,1: 773 1966 2331 
577,0.9: 2162 
578,0.7: 244 249 332 802 1135 1866 2222 
579,0.4: 878 
580,0.8: 517 955 1420 1757 1918 1989 2125 
581,1.1: 1047 1174 2075 
582,1.5: 245 787 
583,1.2: 1068 1233 1558 
584,0.2: 334 2064 
585,1.4: 742 2109 2340 
586,0.7: 666 1134 1758 2097 2223 2225 
587,0.7: 1158 1251 
588,0.4: 1508 1953 
589,0.8: 60 514 906 1378 
590,0.7: 1956 2308 
591,0.5: 241 1518 1531 
592,1.3: 360 1071 1514 2112 
593,1: 656 1859 2069 2267 
594,0.7: 306 707 1655 1931 2153 
595,1.1: 877 1517 
596,0.3: 371 834 1133 
597,0.8: 1146 1333 1732 2210 
598,1.3: 2330 
599,0.6: 151 616 1681 1832 
600,1.3: 443 924 1355 
601,0.6: 1366 
602,1.1: 460 
603,1.1: 116 1829 
604,0.3: 171 1681 1942 2039 
605,1.2: 180 730 2309 
606,1.5: 868 1359 1684 2051 
607,0.6: 2305 
608,1: 75 640 933 
609,0.7: 262 1309 1469 1618 
610,0.9: 504 1976 
611,1: 2173 
612,1.4: 1932 2058 
613,1.4: 246 447 1178 2231 
614,0.9: 50 1419 1746 
615,0.5: 172 1362 1387 
616,1.4: 412 599 
617,0.3: 149 
618,0.6: 793 1327 1375 1657 1815 2214 
619,1.3: 541 1070 2122 
620,0.4: 186 1555 2011 2079 
621,0.8: 491 1373 2191 
622,0.6: 388 627 681 1821 2031 
623,1.3: 1113 1398 1700 
624,0.6: 393 1427 
625,1.4: 446 1703 2113 
626,0.4: 709 
627,0.9: 622 
628,0.4: 1077 1912 
629,1.3: 96 324 1081 1746 
630,0.8: 1793 
631,0.6: 139 311 1034 1269 
632,0.5: 211 721 1608 1809 
633,1.3: 1097 2020 2127 2151 2280 
634,0.7: 50 112 986 
635,1.3: 734 1068 
636,1: 1538 1942 2080 2201 
637,1.1: 1324 
638,0.2: 15 2162 2333 
639,1.3: 326 1185 1359 2330 
640,0.6: 608 1040 
641,0.7: 689 1846 
642,0.4: 15 303 341 393 960 
643,0.8: 129 1440 1530 1917 
644,0.9: 740 1092 2156 2277 
645,1: 69 
646,1.2: 1271 
647,0.8: 664 1865 2261 
648,0.9: 1293 1359 2285 
649,0.9: 466 1512 
650,0.9: 146 325 1079 1457 1973 
651,0.5: 495 690 1114 1366 2094 
652,1.4: 1243 1517 
653,0.2: 973 2197 
654,1.3: 1385 1856 
655,1: 732 989 
656,1.5: 126 209 593 
657,0.8: 309 1312 1462 1828 
658,0.9: 173 1133 1753 
659,0.8: 2014 2263 
660,0.3: 568 1155 1711 2006 
661,1.4: 1587 
662,1.4: 311 485 1800 1807 
663,0.4: 1103 1653 1744 1749 
664,0.6: 245 647 1053 1777 
665,0.5: 300 412 1166 1807 
666,0.7: 66 586 1517 1586 1720 2149 
667,0.5: 1155 2067 2133 
668,0.3: 169 855 1701 2142 
669,0.7: 139 1163 
670,0.8: 992 1321 
671,0.5: 731 
672,1: 33 2073 
673,0.9: 89 498 1176 1523 
674,0.8: 1173 1223 1698 1751 
675,0.6: 192 203 488 506 1613 1693 1897 2219 
676,0.3: 391 447 1544 1713 1750 
677,0.9: 211 843 
678,0.4: 118 262 1719 1875 1978 2221 
679,0.1: 520 1101 1278 1880 2088 
680,1.3: 265 893 
681,1.3: 90 622 1702 
682,0.2: 1945 
683,0.2: 801 1012 1805 
684,0.2: 1458 1762 2112 
685,0.5: 732 1051 
686,1.2: 1382 
687,0.9: 1073 1164 1432 
688,1.4: 79 1284 
689,1.1: 641 794 1770 
690,1: 11 92 651 1363 1603 
691,1.4: 1154 1186 1638 
692,0.6: 2064 
693,0.5: 390 1102 2093 2236 
694,0.6: 730 1633 1932 
695,0.6: 480 1318 1483 1610 
696,0.2: 895 1640 
697,0.7: 1488 2010 
698,0.2: 100 170 
699,0.2: 191 
700,0.7: 446 1331 1493 
701,0.2: 791 1526 1952 
702,1.4: 87 235 1150 1961 
703,1.1: 2149 
704,1.1: 274 1200 
705,1.1: 1038 1230 1921 
706,1.4: 6 2248 
707,0.7: 594 1735 
708,0.7: 473 481 
709,1.4: 626 775 917 
710,0.8: 385 1332 1382 
711,0.9: 121 1968 
712,1.4: 1947 2280 
713,0.7: 440 924 1330 
714,0.6: 222 1794 
715,0.6: 262 
716,1.1: 304 965 977 2126 2233 
717,0.4: 475 1682 1771 
718,1: 1040 1131 
719,1.5: 1643 2144 
720,1.2: 1421 2164 
721,0.5: 358 632 1263 1534 2167 
722,0.8: 278 1319 1498 
723,1.1: 733 1621 
724,1.3: 62 375 1025 1603 1911 
725,0.5: 558 762 883 2104 
726,0.7: 78 537 
727,0.9: 2011 2199 
728,0.9: 11 282 880 1936 2331 
729,0.7: 1171 2220 
730,1.2: 330 338 526 605 694 1204 
731,0.7: 133 153 671 
732,0.5: 655 685 1183 
733,0.4: 723 1313 1437 
734,0.4: 404 635 
735,0.4: 809 950 2072 
736,0.5: 275 1182 1567 2337 
737,0.7: 215 
738,0.9: 1244 1383 1686 2111 
739,0.7: 153 316 440 2153 2239 
740,1.3: 301 644 2043 
741,0.3: 91 396 478 2004 
742,1.4: 585 780 
743,0.7: 97 1586 1945 
744,0.5: 209 848 1032 1481 1872 2267 
745,0.4: 933 1977 
746,0.1: 150 1112 1131 2123 2263 
747,0.1: 1176 
748,1.1: 302 543 1965 
749,0.6: 1076 1709 
750,0.2: 560 1314 1900 
751,0.5: 1692 2133 
752,0.9: 441 1394 
753,1: 859 1022 2134 
754,0.1: 1386 1414 1871 2260 
755,0.5: 254 422 
756,0.3: 507 776 1489 1851 2214 
757,1.3: 289 776 1503 
758,0.9: 852 1107 1242 2051 2262 
759,0.3: 74 1142 2289 
760,1.2: 346 
761,1.2: 133 
762,1: 725 
763,0.7: 1101 1438 
764,1.1: 1290 2037 2127 
765,0.3: 193 1862 2049 2254 
766,0.2: 1233 1789 2304 
767,1: 53 1426 
768,0.4: 487 896 1456 1929 
769,0.2: 1496 1548 
770,0.8: 298 1285 1490 
771,0.6: 553 1135 
772,1.4: 1144 1199 1281 
773,0.6: 576 1462 
774,1.2: 452 947 1114 2039 
775,1: 67 709 1443 
776,1.1: 756 757 1450 1769 1929 
777,1.5: 1587 2069 
778,0.6: 159 169 808 
779,0.4: 1032 1837 
780,1.5: 319 535 742 1662 1745 1787 
781,0.8: 163 1002 1845 2070 
782,0.1: 497 1624 1628 
783,0.2: 858 1732 2303 
784,0.6: 83 548 1435 1563 1894 2204 
785,0.5: 1178 
786,0.6: 955 1526 
787,1: 582 
788,0.8: 1908 2166 
789,1.3: 145 364 518 1465 
790,0.5: 372 2265 
791,0.3: 701 819 2191 
792,1.2: 16 1323 1914 
793,1.1: 618 910 
794,0.9: 689 1251 1495 
795,1.1: 1162 
796,1.2: 570 909 1546 2054 
797,0.9: 69 1625 
798,0.2: 1082 1973 1985 
799,1: 91 489 
800,0.4: 58 155 1273 2050 2244 
801,0.2: 486 683 1443 1640 
802,0.7: 43 322 475 578 1759 1860 
803,0.2: 112 2058 2062 
804,1.4: 922 1467 1610 2225 
805,1.5: 508 1416 
806,1.2: 282 
807,1.5: 247 336 948 1010 1416 2033 
808,0.3: 778 1026 1097 1744 
809,0.3: 278 735 937 
810,0.3: 384 946 1088 1291 
811,0.7: 148 2241 
812,0.9: 206 1047 2148 
813,0.6: 75 2309 
814,1.3: 1010 1572 1814 
815,1.1: 94 1332 1848 
816,0.9: 288 513 860 1028 
817,1: 168 462 
818,1: 121 887 1370 2200 2270 
819,0.6: 314 360 366 791 1067 
820,0.6: 175 359 826 1583 
821,0.2: 534 873 
822,1.2: 301 1296 1366 1625 2222 
823,0.5: 1484 
824,0.8: 1343 1964 
825,1.3: 1461 
826,1.3: 820 1173 1242 
827,1: 326 517 
828,0.3: 2169 
829,0.5: 1100 1354 1683 
830,0.5: 1497 
831,1: 291 401 
832,1.5: 221 894 
833,0.3: 171 407 882 1472 2050 2117 
834,0.8: 596 1256 1904 
835,0.7: 211 1381 1860 1943 
836,1.2: 282 1666 
837,1.4: 257 410 1170 
838,0.1: 29 2031 
839,0.2: 10 1526 
840,0.3: 112 1615 1733 
841,0.9: 102 417 1483 1974 2096 
842,0.7: 358 486 1405 1934 
843,0.5: 169 677 1426 
844,0.1: 374 1180 1375 
845,0.7: 1876 
846,1: 38 336 1393 
847,1.1: 445 
848,0.5: 744 939 997 2063 
849,1.4: 448 2243 2294 
850,0.8: 31 1423 1847 1951 2055 2311 
851,0.6: 1353 1838 2330 
852,0.4: 296 309 758 1209 1764 
853,0.2: 1573 1817 
854,1: 1073 1276 1294 1747 
855,0.6: 38 668 1015 1189 2234 2317 
856,0.7: 1448 2081 2136 2207 
857,0.9: 1155 1938 
858,0.5: 783 1090 1608 1755 
859,1.1: 398 753 
860,0.6: 816 904 1472 
861,1.1: 172 528 
862,1.5: 1356 1806 
863,0.4: 169 1283 1866 1936 2279 
864,0.7: 1428 1565 1936 
865,0.6: 14 261 330 1720 2141 2278 
866,0.8: 170 186 1523 1745 2277 
867,0.1: 342 
868,0.1: 606 943 1839 2157 
869,0.8: 41 552 955 1329 
870,0.5: 83 143 404 1137 1468 1791 
871,0.9: 2170 
872,0.5: 95 1979 2144 
873,1.3: 821 
874,0.2: 110 
875,0.4: 344 1630 
876,1.1: 251 992 1438 1574 
877,0.8: 595 1422 1562 2118 
878,1.3: 579 1068 1298 
879,0.7: 1690 2194 
880,0.7: 728 1038 1270 
881,0.9: 335 1992 
882,0.6: 833 1183 1847 1880 2055 
883,1.2: 80 117 565 725 1186 1692 2282 
884,0.3: 34 2310 
885,0.8: 1513 1547 
886,1.4: 968 1552 
887,0.2: 818 
888,0.8: 977 1032 1514 
889,0.5: 1355 1628 2202 
890,0.8: 543 1248 1510 1870 
891,1.1: 44 1253 
892,1.1: 506 1564 1604 2153 2265 
893,0.5: 460 680 
894,1.5: 385 832 1095 1348 
895,1: 380 696 1250 
896,0.8: 768 
897,0.8: 274 
898,1.3: 225 986 1375 1488 
899,1: 1390 1610 1956 2202 
900,0.8: 125 199 1798 2003 
901,0.9: 956 1804 
902,0.9: 559 1687 
903,1: 469 
904,0.6: 572 860 1549 2195 2318 
905,0.7: 447 1400 1684 1963 
906,1.3: 589 
907,1.4: 1407 
908,0.7: 1798 
909,0.5: 796 1006 
910,0.2: 793 1688 
911,1.5: 217 
912,1: 1291 1494 1653 
913,1.1: 24 151 392 1708 2093 
914,0.3: 135 309 1261 1658 
915,1.1: 1039 1250 1989 
916,0.1: 33 2033 
917,1.5: 709 2195 
918,0.2: 50 1933 1980 
919,0.6: 73 125 1322 
920,1.2: 501 
921,0.4: 1198 1469 1558 2288 
922,1.1: 804 2282 
923,1: 1037 1917 
924,0.1: 356 600 713 1585 1599 
925,0.8: 500 
926,1.3: 255 1616 1905 
927,1.3: 289 1760 2285 
928,1.4: 487 2089 
929,1.4: 290 545 1721 
930,0.3: 1215 2123 
931,0.4: 449 453 1280 1373 
932,0.7: 1646 2068 2097 
933,0.6: 91 178 500 608 745 1240 2068 
934,1.1: 943 1796 
935,0.8: 84 313 563 2122 2164 
936,0.4: 289 1352 
937,1.5: 309 809 1326 1622 2256 
938,0.3: 1020 1086 1277 
939,1: 848 1063 1180 1197 1832 
940,0.9: 575 1524 1746 
941,1.1: 558 1945 
942,1.3: 2183 
943,1: 505 536 868 934 1395 
944,0.8: 370 1265 
945,0.4: 40 534 1202 
946,0.1: 810 2129 
947,1.2: 774 
948,1.5: 807 1035 1815 
949,0.3: 472 1988 
950,1.4: 735 
951,0.9: 459 
952,0.3: 188 490 1913 1916 1942 2196 2325 
953,1.3: 1304 
954,1: 1070 1584 2225 
955,1.3: 19 580 786 869 
956,1.2: 901 1361 1905 
957,0.5: 2148 
958,0.5: 36 96 298 315 535 1047 1510 
959,1: 47 316 2248 
960,1.4: 642 1677 1908 2298 
961,0.3: 213 1256 2341 
962,1: 1062 
963,1: 459 1794 
964,1.1: 1559 2263 2274 
965,1.5: 716 
966,0.9: 72 1119 2155 
967,0.4: 2168 
968,0.6: 886 1288 1619 1737 2127 
969,1.4: 199 1086 1326 1347 
970,0.5: 158 248 308 1370 
971,0.6: 570 1256 
972,0.2: 1079 1754 1837 
973,1: 400 653 1299 
974,1.3: 1187 1344 2225 
975,0.5: 2035 2074 
976,0.8: 488 1444 1597 2271 
977,0.2: 716 888 1216 
978,1.2: 353 523 1530 1792 2007 2085 
979,1.1: 545 1068 1442 
980,0.4: 386 
981,0.7: 118 991 1425 1743 
982,1.3: 1473 1851 2042 2100 
983,0.5: 222 1454 
984,1.3: 375 1199 
985,0.4: 484 1646 1994 2178 
986,0.2: 634 898 2048 
987,1.2: 555 
988,0.5: 1457 1544 2201 
989,0.7: 113 391 655 1416 1595 1713 2050 
990,1.3: 193 
991,1.4: 270 981 1652 1888 
992,1.4: 670 876 
993,0.2: 1469 1771 
994,1.5: 39 1080 1335 2005 
995,0.5: 1396 2069 
996,0.2: 1655 1675 
997,1: 848 
998,0.4: 117 349 
999,0.3: 563 1594 1902 
1000,0.6: 23 1031 
1001,0.4: 354 567 1787 2258 
1002,0.6: 781 1214 1983 2046 2224 2314 
1003,0.2: 194 1046 1115 
1004,1.1: 1853 2255 
1005,1.5: 419 1605 2229 
1006,1.4: 909 1447 1470 
1007,1.3: 1361 2194 2222 
1008,0.2: 197 247 1154 1476 1654 
1009,1: 1337 1950 2131 
1010,0.1: 488 807 814 1381 2137 
1011,0.4: 1364 
1012,1: 683 1674 1929 
1013,0.3: 1497 2109 
1014,0.4: 287 
1015,0.3: 529 855 
1016,0.7: 1717 
1017,0.4: 131 311 496 1153 1222 1331 
1018,0.9: 1462 
1019,0.2: 1515 2308 
1020,0.7: 375 465 466 938 
1021,0.6: 252 1544 
1022,0.9: 570 753 1369 2169 
1023,1.3: 1728 1961 
1024,1.2: 214 366 1569 2343 
1025,0.2: 1 724 1365 1973 
1026,0.3: 67 162 372 808 1471 
1027,0.7: 495 1393 1678 
1028,0.5: 816 
1029,0.1: 1382 
1030,0.9: 92 
1031,0.7: 85 306 1000 2047 
1032,0.5: 307 744 779 888 1933 
1033,0.4: 1759 2314 
1034,1.4: 631 1140 1291 1693 
1035,0.2: 948 1464 2112 
1036,0.7: 101 565 
1037,1.1: 33 923 1547 
1038,0.9: 705 880 1233 1752 
1039,0.3: 491 915 1422 
1040,0.1: 640 718 
1041,0.8: 134 482 
1042,0.1: 367 494 2252 
1043,1.3: 477 1847 2001 2247 
1044,1: 282 
1045,0.7: 1079 
1046,0.9: 249 319 389 1003 1318 1328 
1047,1.3: 127 581 812 958 
1048,0.8: 112 293 1258 2039 
1049,1.1: 1072 
1050,0.4: 433 1305 1904 
1051,0.7: 7 161 450 685 1629 2268 
1052,1.4: 464 1809 
1053,1.4: 482 550 664 
1054,1.3: 70 1390 2241 2315 
1055,1.3: 1166 1356 
1056,1.3: 367 
1057,0.7: 1664 2226 
1058,0.2: 1498 1607 
1059,0.3: 147 1396 
1060,1: 134 1334 1486 
1061,0.3: 1955 2150 
1062,0.4: 962 1873 2129 2206 
1063,0.8: 939 
1064,0.3: 2022 2180 
1065,1.2: 74 1474 
1066,1.1: 15 111 528 1870 2074 
1067,1.5: 392 819 1099 1221 1854 
1068,0.2: 565 583 635 878 979 1797 
1069,1.2: 1394 1690 
1070,1.5: 338 619 954 1391 
1071,0.8: 592 1122 1341 
1072,0.7: 278 574 1049 1979 
1073,0.5: 176 687 854 
1074,1.2: 1146 
1075,0.4: 103 141 1583 
1076,0.2: 749 1509 
1077,0.5: 628 2334 
1078,0.4: 559 1604 
1079,1.1: 217 355 650 972 1045 
1080,1.1: 994 1475 1814 2265 
1081,0.4: 629 1161 1174 
1082,0.1: 101 798 1772 2105 
1083,1.2: 500 1673 1879 2146 
1084,0.6: 40 85 2058 2103 
1085,1.2: 1444 1784 
1086,1.1: 389 938 969 1599 
1087,0.7: 224 1476 2094 
1088,0.8: 810 2025 
1089,1.1: 87 1274 2087 2216 
1090,1: 858 1732 
1091,0.7: 303 1259 
1092,0.8: 644 1516 2151 
1093,0.6: 1447 1592 2115 
1094,0.4: 139 563 
1095,0.5: 894 1864 
1096,0.6: 1647 
1097,1.4: 633 808 1224 1416 1564 1694 
1098,1: 396 1665 
1099,0.2: 1067 1824 
1100,0.2: 829 
1101,1.4: 363 493 679 763 
1102,0.3: 693 
1103,0.9: 318 663 1334 
1104,0.4: 537 2047 
1105,0.5: 368 392 2143 
1106,0.4: 1874 1892 
1107,0.7: 298 372 758 
1108,0.6: 519 1117 1292 1741 
1109,0.9: 1178 
1110,0.6: 86 
1111,0.9: 1317 1826 2126 
1112,1.3: 404 746 1274 
1113,0.1: 543 623 2221 
1114,0.9: 81 651 774 1763 1933 
1115,1.1: 1003 1372 1441 
1116,0.6: 531 1834 
1117,1: 1108 1614 1826 2014 
1118,0.2: 558 1615 
1119,0.5: 303 966 1679 1695 1891 
1120,0.8: 458 2009 
1121,1.5: 485 2338 
1122,0.4: 1071 2223 
1123,0.4: 96 471 
1124,0.4: 456 1194 1922 
1125,0.7: 75 
1126,1.1: 145 362 541 1481 1512 1532 2207 
1127,0.6: 139 1455 
1128,1: 258 1667 2327 
1129,1.1: 274 551 1641 
1130,0.5: 436 2253 
1131,1: 718 746 1220 1854 1863 
1132,0.4: 209 1790 2026 
1133,1.2: 325 596 658 2236 
1134,0.4: 586 1468 1804 
1135,0.4: 369 578 771 1485 2266 
1136,1.1: 242 
1137,1.3: 870 1453 1569 1823 
1138,1.3: 148 348 1835 2038 
1139,1.2: 330 
1140,0.3: 416 1034 1858 
1141,0.1: 2265 
1142,0.4: 328 759 1271 2101 2191 
1143,1: 1834 2129 
1144,1.4: 156 772 2088 
1145,0.2: 18 159 337 443 1194 
1146,0.3: 597 1074 
1147,0.7: 1373 2068 
1148,0.1: 326 1161 1522 
1149,0.5: 1436 
1150,1.2: 467 702 1190 1647 
1151,0.8: 319 1361 
1152,0.2: 13 1204 1762 
1153,0.8: 337 1017 1241 
1154,0.2: 691 1008 
1155,1.3: 404 660 667 857 1494 2135 
1156,0.6: 133 146 426 1933 
1157,0.4: 1911 
1158,1: 587 1901 
1159,0.2: 435 1275 1745 2223 
1160,1.3: 1561 
1161,1.3: 187 1081 1148 1569 1702 1917 
1162,1.5: 119 342 795 2252 
1163,1.2: 53 250 669 
1164,1.4: 222 687 1258 
1165,1.1: 354 1747 2284 
1166,0.4: 665 1055 1594 2272 
1167,0.7: 267 
1168,1.2: 230 235 1199 1506 1554 1650 2241 
1169,1.2: 92 383 402 1615 1820 2245 
1170,0.4: 423 548 837 1256 1664 
1171,0.1: 0 345 729 1338 2177 
1172,0.1: 2024 
1173,1.4: 41 241 674 826 
1174,1.5: 581 1081 1811 2071 
1175,1.3: 65 
1176,0.5: 337 673 747 
1177,0.8: 138 2215 
1178,0.7: 409 613 785 1109 1461 2022 
1179,0.4: 108 1996 2039 
1180,0.7: 844 939 1445 1962 
1181,1.4: 570 1931 
1182,1.3: 24 736 
1183,1.5: 222 732 882 1233 2254 
1184,0.5: 72 1303 1589 1765 1906 2057 
1185,1.2: 639 
1186,1.3: 691 883 1199 
1187,1.2: 974 1923 
1188,0.8: 104 159 227 370 422 1272 1842 1845 1855 
1189,0.3: 855 2279 
1190,0.8: 1150 
1191,1.2: 1423 
1192,1.5: 31 1575 
1193,0.5: 13 309 516 
1194,0.2: 1124 1145 1399 1528 1971 
1195,1.2: 1844 2050 2186 
1196,0.4: 151 2082 
1197,0.9: 287 459 939 
1198,0.2: 312 921 2329 
1199,0.6: 130 772 984 1168 1186 
1200,1.4: 500 704 
1201,0.8: 1884 2282 
1202,1.5: 313 945 1430 
1203,1.3: 365 
1204,1: 730 1152 1550 2030 2162 
1205,1: 1231 
1206,0.9: 199 
1207,0.8: 2038 2240 
1208,0.4: 375 1227 
1209,1.1: 852 
1210,0.3: 384 455 1260 2019 
1211,1.2: 393 1383 
1212,0.1: 142 509 1485 1937 1978 
1213,0.8: 1286 1620 1767 2343 
1214,0.6: 1002 1228 1904 
1215,0.5: 930 
1216,0.5: 977 1834 
1217,0.8: 218 1855 
1218,0.8: 340 2088 
1219,0.8: 1930 
1220,1.3: 1131 1737 
1221,0.1: 339 1067 1385 
1222,1.3: 1017 
1223,1: 674 1266 1908 
1224,0.4: 1097 2147 2314 
1225,1.2: 43 1313 
1226,0.6: 1260 2035 2281 
1227,0.2: 1208 2224 
1228,1.3: 1214 1574 1883 
1229,0.2: 2343 
1230,1.3: 546 705 
1231,0.3: 183 1205 1529 2048 
1232,0.2: 2236 
1233,0.5: 382 515 583 766 1038 1183 2069 
1234,1.3: 1372 1644 
1235,1.1: 1472 2173 
1236,0.9: 380 517 545 1892 2197 2273 
1237,1.4: 154 217 225 
1238,0.5: 0 360 
1239,0.6: 21 257 423 1857 
1240,0.2: 18 933 2342 
1241,0.8: 1153 1279 1372 1712 2152 2263 
1242,0.2: 758 826 
1243,0.4: 652 1387 1903 
1244,0.5: 262 738 1330 
1245,0.5: 2018 
1246,0.2: 1912 
1247,1.2: 82 105 319 1850 
1248,0.3: 42 69 890 1251 1533 1929 2056 
1249,0.5: 111 1740 
1250,1.5: 495 529 895 915 
1251,1: 145 587 794 1248 
1252,0.5: 564 
1253,1.5: 107 891 
1254,0.3: 172 1446 1802 1840 
1255,1.2: 14 233 1382 1598 1759 
1256,0.7: 266 429 834 961 971 1170 1994 
1257,1.3: 1589 1958 
1258,0.6: 471 568 1048 1164 
1259,0.3: 86 531 1091 2172 
1260,0.7: 200 273 279 565 1210 1226 
1261,0.3: 914 
1262,0.3: 1951 
1263,1.3: 74 721 
1264,0.3: 394 544 1909 
1265,1.1: 193 944 1645 
1266,1.2: 283 299 1223 
1267,1.4: 89 1890 
1268,1.1: 278 382 448 556 1929 
1269,1: 631 1626 1877 
1270,0.9: 880 1293 1580 
1271,0.9: 646 1142 1854 1968 
1272,0.8: 1188 
1273,1: 800 
1274,0.8: 1089 1112 1997 
1275,1.3: 1159 1728 
1276,0.2: 208 228 388 854 1700 
1277,1.2: 938 1425 1651 1735 
1278,0.8: 406 679 1291 2331 
1279,1.5: 154 1241 1321 
1280,0.6: 931 
1281,1.4: 73 772 2017 
1282,1.5: 1785 
1283,0.4: 131 863 1772 1783 2115 
1284,1.4: 688 1815 1874 
1285,1.1: 549 770 1934 
1286,1.5: 224 1213 
1287,1: 1447 
1288,0.3: 48 385 968 
1289,0.5: 19 1578 1962 
1290,0.7: 383 764 
1291,1.5: 810 912 1034 1278 1412 
1292,0.5: 1108 1338 1427 
1293,0.6: 648 1270 1589 
1294,1: 854 1860 
1295,0.5: 515 1474 
1296,0.3: 22 822 
1297,1: 243 391 1717 
1298,0.5: 311 878 1624 1744 2045 2285 
1299,0.4: 511 973 1684 
1300,1.2: 12 1626 
1301,1.4: 1335 1680 
1302,1: 1744 
1303,0.4: 1184 1452 1508 1711 
1304,0.5: 330 953 1865 
1305,0.3: 1050 
1306,0.2: 2094 
1307,0.6: 1748 
1308,1.1: 46 143 534 1347 1678 
1309,1.4: 609 
1310,0.8: 1906 
1311,0.8: 287 
1312,0.3: 313 380 402 657 1322 1545 1944 2148 
1313,0.2: 733 1225 1914 1930 2323 
1314,1.3: 750 
1315,0.6: 558 1488 2320 
1316,0.2: 54 
1317,0.2: 25 225 446 1111 
1318,1.1: 695 1046 1816 
1319,1.3: 433 503 722 
1320,0.9: 413 1806 2300 
1321,1.4: 0 1 670 1279 
1322,0.6: 228 435 919 1312 2101 
1323,1.4: 792 1603 1663 2265 
1324,0.4: 637 
1325,0.9: 189 510 1639 1825 
1326,1: 937 969 1899 
1327,1.4: 618 1396 2084 
1328,0.8: 313 381 1046 
1329,0.6: 141 869 1559 1886 2033 
1330,0.6: 713 1244 1960 2168 
1331,0.6: 64 700 1017 1671 1896 1994 2040 
1332,0.4: 710 815 1521 1676 1863 1869 
1333,0.8: 256 597 1508 
1334,1.1: 402 534 1060 1103 1669 
1335,0.9: 994 1301 2064 
1336,1: 460 1695 
1337,0.3: 1009 1631 
1338,1.4: 1171 1292 2173 
1339,0.4: 1867 2099 2326 
1340,1: 140 
1341,1: 1071 1620 
1342,1.4: 67 346 
1343,1.1: 303 462 471 824 
1344,0.6: 974 
1345,0.4: 1618 
1346,0.8: 321 2343 
1347,1.4: 125 489 969 1308 1764 
1348,1.4: 226 894 1455 1663 
1349,0.8: 1710 1998 
1350,1.5: 17 
1351,0.5: 542 1537 2041 
1352,0.4: 936 1482 1980 2067 2140 
1353,0.9: 851 1433 
1354,1: 207 548 829 1635 2227 
1355,1.4: 361 600 889 
1356,0.7: 862 1055 2023 
1357,0.1: 1945 
1358,1.4: 1604 2041 
1359,1.5: 606 639 648 2043 
1360,0.9: 2109 
1361,0.3: 341 471 956 1007 1151 1724 
1362,0.7: 340 615 
1363,1: 156 298 690 1701 
1364,1.5: 106 1011 2298 
1365,1.3: 92 198 207 1025 1615 2139 
1366,0.6: 557 601 651 822 
1367,1: 1369 1570 1896 
1368,1.1: 238 333 
1369,1.5: 198 1022 1367 2218 
1370,0.9: 818 970 1755 2114 
1371,0.4: 1581 
1372,1.3: 61 1115 1234 1241 1432 1542 2295 
1373,0.2: 426 621 931 1147 
1374,0.1: 303 319 
1375,1: 618 844 898 1778 2058 
1376,0.5: 2289 
1377,1.2: 1978 1995 
1378,1: 544 589 2024 
1379,1.5: 314 
1380,1.4: 1395 1709 
1381,0.3: 835 1010 1456 1590 1911 
1382,0.1: 365 686 710 1029 1255 1795 1817 1940 
1383,0.5: 738 1211 
1384,0.4: 258 
1385,0.7: 654 1221 1640 2296 
1386,0.9: 503 754 
1387,0.3: 615 1243 
1388,1.4: 387 1394 
1389,0.4: 0 2127 2310 
1390,0.9: 382 899 1054 
1391,1.5: 1070 1553 1753 
1392,1: 1893 
1393,0.6: 175 377 540 846 1027 
1394,0.1: 99 239 752 1069 1388 
1395,1: 943 1380 
1396,0.4: 995 1059 1327 
1397,1: 1715 1908 1996 2071 
1398,0.9: 189 623 1460 1580 
1399,0.7: 140 1194 1841 
1400,0.3: 113 905 1949 2173 
1401,1: 2028 2215 
1402,1.1: 542 1871 
1403,0.1: 360 1829 1879 2167 
1404,1.2: 141 191 427 2082 2128 
1405,1.3: 512 842 
1406,1.3: 1726 1943 
1407,1.4: 448 907 
1408,0.4: 541 2244 
1409,0.3: 1992 
1410,1.3: 151 
1411,1.1: 348 
1412,0.8: 300 1291 2007 2134 
1413,0.9: 1566 2099 
1414,0.3: 72 98 320 335 754 1635 1978 
1415,1.2: 330 526 1510 1629 2239 
1416,0.9: 261 805 807 989 1097 1492 2155 
1417,1.1: 463 2260 
1418,0.6: 2000 
1419,0.9: 614 
1420,0.6: 475 580 
1421,0.8: 422 538 720 
1422,0.4: 877 1039 1709 1757 
1423,1.2: 431 850 1191 
1424,1.2: 222 2228 
1425,1.5: 981 1277 1803 
1426,0.1: 11 767 843 
1427,1.2: 624 1292 1706 2119 2121 2164 
1428,1.4: 864 1626 1814 
1429,0.2: 1526 
1430,1: 1202 2283 
1431,1.2: 215 
1432,0.7: 131 405 482 537 687 1372 2026 2113 
1433,1.4: 1353 1552 1915 2061 
1434,0.4: 71 1869 2192 2339 
1435,0.8: 170 784 
1436,0.7: 1149 1716 
1437,1.3: 337 389 733 1912 1974 
1438,0.1: 763 876 1775 1871 1939 
1439,1.5: 1512 
1440,0.7: 643 1711 1931 
1441,0.2: 155 1115 2017 2170 
1442,1: 979 
1443,0.8: 356 775 801 1651 
1444,0.4: 976 1085 1561 
1445,1.2: 1180 1512 
1446,1.4: 155 551 1254 1580 1586 1881 
1447,1.4: 68 463 1006 1093 1287 1473 
1448,0.9: 169 856 1978 2010 
1449,1.3: 53 319 1540 
1450,0.3: 49 179 776 1573 
1451,1.1: 237 
1452,1.2: 272 404 413 1303 
1453,1.1: 299 1137 1596 
1454,1: 118 240 983 
1455,1.3: 1127 1348 
1456,0.2: 52 768 1381 1545 1969 
1457,0.8: 650 988 1599 
1458,1.1: 95 684 1786 
1459,1.5: 1655 1966 1997 
1460,0.5: 1398 1878 2338 
1461,0.1: 825 1178 1924 2018 
1462,0.2: 657 773 1018 
1463,0.4: 1497 
1464,1: 89 450 1035 
1465,1.3: 225 789 
1466,0.2: 525 2110 
1467,1.2: 804 1851 1922 2153 
1468,1.3: 367 870 1134 2072 
1469,0.4: 29 158 609 921 993 1755 
1470,0.5: 1006 1735 
1471,1.3: 520 1026 
1472,0.7: 833 860 1235 2210 
1473,0.2: 247 545 982 1447 2235 
1474,0.6: 108 1065 1295 2090 2162 2271 
1475,0.4: 1080 
1476,0.3: 123 1008 1087 2318 
1477,1.4: 197 1662 1873 2125 2240 
1478,1: 509 2122 
1479,1.3: 142 223 1788 
1480,1.5: 2274 
1481,0.7: 384 744 1126 
1482,0.2: 1352 
1483,0.8: 76 362 695 841 2016 2044 
1484,1.5: 327 823 1964 
1485,1.5: 1135 1212 
1486,1.3: 1060 
1487,0.9: 1608 
1488,0.5: 697 898 1315 1559 
1489,1: 756 1646 
1490,0.4: 770 
1491,1: 531 
1492,1.1: 1416 2003 
1493,0.7: 550 700 2048 
1494,0.6: 912 1155 
1495,1: 794 
1496,0.7: 769 
1497,0.7: 114 294 830 1013 1463 1676 1919 2259 
1498,1: 722 1058 1664 2262 
1499,0.6: 2171 
1500,0.5: 568 1960 2047 2171 2280 
1501,0.4: 425 1656 
1502,1.3: 1507 1675 
1503,1.3: 757 1859 2104 
1504,0.7: 293 389 1696 2324 
1505,0.3: 1576 
1506,0.6: 472 1168 2249 
1507,0.9: 1502 
1508,0.1: 28 298 588 1303 1333 
1509,0.2: 62 248 1076 
1510,1: 890 958 1415 
1511,1.3: 49 1591 
1512,0.7: 406 649 1126 1439 1445 
1513,1.2: 311 885 1806 
1514,0.6: 592 888 2037 
1515,1: 1019 2316 
1516,1: 254 1092 
1517,0.9: 595 652 666 1982 
1518,1.2: 591 
1519,0.1: 73 
1520,0.2: 1813 
1521,0.6: 1332 2078 2107 
1522,0.8: 476 1148 
1523,0.6: 402 673 866 
1524,0.3: 3 51 68 940 
1525,0.2: 1695 2092 
1526,0.4: 36 701 786 839 1429 1754 2200 
1527,1.1: 113 426 461 2059 2114 
1528,1.4: 1194 2308 
1529,1.5: 1231 2220 
1530,0.7: 320 384 643 978 
1531,0.1: 8 591 
1532,1.4: 330 1126 1567 1670 1695 
1533,0.3: 130 501 1248 1772 
1534,1.4: 136 273 721 2183 
1535,0.7: 1666 
1536,0.9: 461 1799 2225 
1537,0.1: 59 1351 
1538,1: 636 
1539,0.5: 1842 
1540,0.3: 1449 1809 2300 
1541,0.9: 1703 
1542,1.4: 51 1372 
1543,0.6: 395 
1544,0.1: 676 988 1021 
1545,1: 1312 1456 2038 
1546,1.5: 337 796 2343 
1547,1.2: 885 1037 
1548,0.9: 282 769 1713 
1549,0.8: 80 904 
1550,0.2: 1204 1641 
1551,0.8: 1650 2173 2340 
1552,0.3: 552 886 1433 
1553,1.1: 1391 1687 
1554,1.3: 1168 2039 
1555,1: 116 120 620 1730 2059 2246 
1556,0.9: 2027 
1557,0.1: 1883 
1558,1.1: 252 583 921 
1559,0.9: 57 964 1329 1488 2265 
1560,1.3: 2113 
1561,1: 1160 1444 1636 2305 
1562,0.6: 323 877 
1563,1.4: 496 784 
1564,0.5: 892 1097 1670 1797 2262 
1565,0.2: 864 
1566,0.7: 257 1413 
1567,1: 736 1532 
1568,1.1: 119 
1569,1.5: 1024 1137 1161 2324 
1570,0.6: 1367 
1571,0.6: 459 2094 
1572,1.4: 57 814 1941 1982 
1573,0.8: 853 1450 1840 
1574,1.1: 876 1228 1697 
1575,1.4: 1192 2039 2125 
1576,0.8: 122 1505 
1577,0.9: 473 
1578,0.8: 450 1289 1799 1875 1933 
1579,0.4: 1898 
1580,1.1: 1270 1398 1446 2124 
1581,0.9: 1371 1882 
1582,1.4: 2183 
1583,0.7: 820 1075 
1584,1.3: 954 1773 
1585,0.7: 547 924 
1586,0.3: 666 743 1446 
1587,1.1: 661 777 
1588,1.4: 1880 1892 
1589,0.8: 1184 1257 1293 
1590,0.2: 488 1381 1650 
1591,1.4: 93 1511 
1592,1.4: 1093 1693 
1593,1.1: 137 414 
1594,1.2: 195 574 999 1166 
1595,1.4: 296 989 1745 
1596,1: 1453 1819 2283 
1597,0.7: 976 
1598,1.3: 71 1255 
1599,1.1: 289 924 1086 1457 
1600,1: 2107 2203 
1601,0.6: 98 2254 
1602,0.5: 557 1764 
1603,0.9: 690 724 1323 2086 
1604,0.7: 141 892 1078 1358 1957 
1605,1.5: 190 225 1005 
1606,0.6: 34 141 209 
1607,0.4: 308 443 1058 2303 
1608,0.1: 531 632 858 1487 1676 
1609,0.5: 503 1633 
1610,0.4: 695 804 899 1881 2154 2202 
1611,0.5: 561 1688 
1612,0.9: 359 
1613,0.3: 675 
1614,0.4: 16 547 1117 
1615,1.1: 840 1118 1169 1365 
1616,1.2: 926 
1617,1: 1629 1636 
1618,1.2: 64 188 341 609 1345 1887 2098 
1619,0.2: 547 968 1661 1885 
1620,0.9: 1213 1341 1647 2147 
1621,0.4: 723 1711 2067 
1622,1.4: 937 
1623,0.7: 17 192 300 1984 
1624,1: 263 782 1298 1799 
1625,1: 797 822 
1626,1.1: 1269 1300 1428 1888 1974 1993 
1627,1.3: 1885 
1628,0.2: 782 889 
1629,0.6: 15 1051 1415 1617 
1630,1.3: 875 1989 
1631,0.6: 1 1337 2179 
1632,1.1: 58 415 
1633,0.6: 694 1609 1703 1740 2191 
1634,0.7: 2288 
1635,0.7: 218 305 1354 1414 1799 
1636,0.3: 122 1561 1617 2211 
1637,1.1: 1737 1958 
1638,0.9: 691 2081 
1639,1.2: 1325 1981 
1640,0.9: 696 801 1385 1680 
1641,1.3: 1129 1550 1925 
1642,0.4: 166 179 2343 
1643,1.3: 461 719 2084 
1644,1: 1234 2144 2209 
1645,1.5: 440 1265 1721 
1646,1.2: 932 985 1489 2155 2190 
1647,0.5: 1096 1150 1620 1731 
1648,0.6: 20 
1649,0.6: 2308 
1650,0.9: 433 1168 1551 1590 
1651,1.5: 1277 1443 2270 
1652,0.9: 58 330 991 1817 1823 
1653,0.2: 663 912 1724 
1654,1.4: 33 155 1008 2265 
1655,1.4: 594 996 1459 1834 
1656,1.2: 1501 2244 
1657,0.8: 379 618 1892 
1658,0.8: 116 566 914 
1659,1: 1720 1938 2186 
1660,1.2: 142 147 2326 
1661,1.3: 447 1619 
1662,1.2: 780 1477 2078 2123 
1663,0.5: 1323 1348 1921 2308 
1664,0.8: 265 571 1057 1170 1498 1921 
1665,0.5: 1098 1856 
1666,0.8: 227 836 1535 
1667,1.2: 305 424 1128 
1668,1.4: 8 
1669,1: 417 1334 1699 
1670,0.2: 72 227 466 1532 1564 
1671,0.7: 1331 2037 2143 
1672,0.4: 372 2160 
1673,0.3: 33 469 1083 
1674,0.6: 52 148 1012 1925 2118 
1675,0.4: 26 996 1502 
1676,1.4: 1332 1497 1608 1841 
1677,0.9: 960 
1678,1.2: 1027 1308 
1679,1: 1119 2228 2324 
1680,0.3: 245 488 1301 1640 
1681,0.6: 46 257 599 604 2102 
1682,0.4: 395 717 
1683,0.8: 204 829 1798 
1684,1.5: 606 905 1299 
1685,0.2: 1784 2190 
1686,0.7: 89 738 2289 
1687,1.1: 163 902 1553 1836 
1688,0.7: 125 559 910 1611 
1689,0.6: 1881 1943 
1690,0.7: 879 1069 2182 2229 
1691,1: 1948 
1692,0.6: 751 883 1900 
1693,1.2: 9 15 521 675 1034 1592 1714 
1694,1: 52 74 289 1097 
1695,1: 478 1119 1336 1525 1532 2030 
1696,1.2: 1504 
1697,1.4: 1574 1783 
1698,0.3: 674 
1699,0.1: 252 1669 
1700,0.4: 623 1276 1985 
1701,1.3: 668 1363 
1702,0.6: 681 1161 
1703,0.3: 399 625 1541 1633 
1704,0.9: 78 174 
1705,0.7: 154 1992 2037 
1706,0.5: 510 1427 2122 
1707,0.4: 501 1765 
1708,0.4: 913 2034 
1709,1.3: 574 749 1380 1422 2217 
1710,0.3: 1349 2117 
1711,0.1: 660 1303 1440 1621 1748 1870 
1712,1.4: 56 93 1241 
1713,1: 676 989 1548 
1714,1: 1693 2250 
1715,0.2: 221 481 1397 
1716,1: 409 1436 1774 2279 2343 
1717,0.6: 1016 1297 
1718,0.8: 2015 
1719,0.3: 678 1782 
1720,1: 225 666 865 1659 
1721,0.8: 207 929 1645 
1722,0.5: 1811 1917 2241 
1723,0.4: 65 1975 
1724,0.7: 1361 1653 
1725,1.2: 567 1899 2283 
1726,0.6: 45 534 1406 2052 
1727,0.2: 1922 
1728,1.2: 1023 1275 
1729,0.6: 1821 2278 
1730,0.7: 220 1555 2065 2130 
1731,1.5: 420 1647 
1732,0.3: 597 783 1090 
1733,1: 50 840 2183 2342 
1734,1.1: 184 234 1779 2324 
1735,1.1: 707 1277 1470 2076 2088 
1736,0.9: 1747 2038 2093 
1737,1.3: 221 968 1220 1637 1998 2307 
1738,0.8: 2157 
1739,0.8: 4 284 
1740,0.5: 52 1249 1633 2008 
1741,0.7: 1108 2292 
1742,1.5: 0 2290 
1743,0.7: 981 2050 2073 
1744,1: 663 808 1298 1302 2062 
1745,0.5: 780 866 1159 1595 2199 
1746,1.2: 115 614 629 940 
1747,0.8: 854 1165 1736 2187 
1748,0.2: 1307 1711 
1749,1: 663 
1750,1.2: 676 
1751,1.4: 674 1856 
1752,1.4: 423 1038 2143 
1753,0.8: 658 1391 
1754,0.5: 112 550 972 1526 2157 
1755,1.1: 858 1370 1469 
1756,0.7: 16 
1757,1.3: 580 1422 1949 2212 
1758,0.7: 137 362 586 2089 2278 
1759,0.6: 802 1033 1255 1827 2020 2236 
1760,1.1: 927 
1761,0.5: 361 2308 
1762,1.2: 684 1152 
1763,0.6: 1114 2257 
1764,1.3: 852 1347 1602 1998 2022 
1765,0.1: 437 1184 1707 2309 
1766,0.8: 365 376 1772 1931 2281 
1767,1.2: 1213 
1768,0.2: 2000 
1769,0.1: 776 
1770,1: 422 689 2015 2135 
1771,0.7: 717 993 1875 
1772,0.6: 509 1082 1283 1533 1766 2154 
1773,1.5: 342 493 1584 
1774,0.3: 79 1716 1860 1952 
1775,0.9: 95 1438 1835 2070 
1776,0.6: 264 1792 
1777,0.7: 412 664 1822 1910 
1778,0.8: 1375 
1779,0.4: 1734 1785 
1780,0.4: 2097 2222 
1781,1: 2156 2180 2291 
1782,0.5: 450 1719 
1783,1: 1283 1697 
1784,1.4: 153 1085 1685 
1785,0.8: 410 1282 1779 
1786,0.4: 339 1458 2331 
1787,0.4: 502 780 1001 2072 2215 
1788,1.3: 231 567 1479 2004 
1789,0.6: 551 766 1927 1936 
1790,0.2: 167 575 1132 1937 
1791,0.9: 870 
1792,1.3: 978 1776 1905 2141 
1793,0.9: 28 270 630 1824 1902 
1794,1.2: 714 963 2090 2175 2245 
1795,0.7: 1382 2175 
1796,0.5: 562 934 1810 
1797,0.9: 133 259 1068 1564 
1798,0.3: 117 900 908 1683 2223 
1799,1.3: 1536 1578 1624 1635 1892 
1800,1: 662 
1801,0.5: 379 396 2045 2256 
1802,0.9: 187 567 1254 2071 
1803,1.5: 158 1425 1826 
1804,1.1: 306 421 901 1134 
1805,1.3: 683 
1806,1.4: 447 862 1320 1513 1849 
1807,0.4: 662 665 1849 
1808,0.9: 1947 
1809,0.8: 632 1052 1540 
1810,0.7: 1796 
1811,0.7: 1174 1722 
1812,0.3: 160 
1813,0.6: 400 1520 2031 
1814,0.4: 187 814 1080 1428 
1815,1: 31 564 618 948 1284 
1816,0.9: 19 39 1318 
1817,0.8: 218 853 1382 1652 2215 
1818,1: 2107 
1819,1: 528 1596 
1820,1.3: 455 1169 
1821,1: 231 479 622 1729 
1822,0.4: 236 1777 
1823,0.3: 1137 1652 2059 
1824,0.5: 566 1099 1793 1993 
1825,1.2: 398 1325 
1826,1.4: 1111 1117 1803 2254 
1827,0.3: 422 1759 
1828,0.2: 413 657 1958 
1829,1.1: 514 603 1403 
1830,0.2: 469 
1831,0.4: 2016 
1832,1.2: 599 939 2105 
1833,1.2: 502 2077 
1834,0.4: 1116 1143 1216 1655 
1835,0.4: 361 507 1138 1775 
1836,0.6: 1687 
1837,0.6: 280 339 779 972 
1838,0.7: 108 851 
1839,0.7: 446 868 1887 2108 
1840,0.6: 1254 1573 2200 
1841,0.6: 575 1399 1676 
1842,0.4: 231 1188 1539 1988 
1843,0.7: 19 118 181 
1844,1.1: 1195 
1845,0.8: 781 1188 2259 
1846,0.5: 7 641 1913 
1847,1.3: 850 882 1043 
1848,0.8: 815 
1849,0.9: 283 1806 1807 2263 
1850,0.1: 91 1247 
1851,0.1: 328 756 982 1467 
1852,0.4: 2002 
1853,0.2: 1004 2323 
1854,0.2: 235 419 1067 1131 1271 2238 
1855,1.3: 1188 1217 2133 
1856,1: 654 1665 1751 
1857,0.8: 399 1239 
1858,0.5: 547 1140 2041 
1859,1: 593 1503 1970 2141 
1860,1.4: 802 835 1294 1774 2234 
1861,1: 2220 
1862,1.1: 765 1956 
1863,0.8: 1131 1332 2029 2158 
1864,0.8: 1095 
1865,0.2: 647 1304 2018 
1866,0.4: 286 578 863 1986 
1867,0.5: 305 559 1339 2011 
1868,0.2: 2065 
1869,1.2: 79 1332 1434 
1870,1.5: 890 1066 1711 2243 
1871,1.2: 754 1402 1438 2204 
1872,0.6: 744 
1873,1.2: 251 1062 1477 
1874,0.7: 1106 1284 
1875,0.9: 32 678 1578 1771 2174 2195 
1876,0.1: 845 
1877,1.2: 153 475 1269 
1878,1.5: 85 153 1460 
1879,0.3: 1083 1403 2061 
1880,0.5: 205 679 882 1588 2096 2234 
1881,1.3: 1446 1610 1689 
1882,1.1: 34 1581 2050 2333 
1883,0.5: 1228 1557 2089 
1884,1.4: 11 1201 2301 
1885,0.3: 1619 1627 
1886,0.3: 491 1329 
1887,0.4: 1618 1839 
1888,0.7: 991 1626 2214 2293 
1889,0.6: 68 2232 2291 
1890,0.4: 164 1267 
1891,1.1: 1119 
1892,1.3: 186 456 1106 1236 1588 1657 1799 2339 
1893,0.9: 1392 
1894,1.5: 496 784 1895 
1895,0.8: 394 1894 
1896,0.7: 1331 1367 
1897,1.4: 156 675 1925 2031 
1898,0.3: 1579 1964 2199 
1899,1.4: 1326 1725 2130 
1900,1.1: 750 1692 2111 
1901,1.1: 1158 
1902,1.4: 999 1793 
1903,0.9: 564 1243 1951 
1904,1.4: 834 1050 1214 1935 
1905,0.8: 926 956 1792 1928 
1906,1.5: 347 1184 1310 
1907,1.1: 19 401 423 2323 
1908,0.6: 788 960 1223 1397 
1909,0.2: 1264 
1910,0.8: 191 363 547 1777 
1911,0.2: 233 724 1157 1381 
1912,0.6: 628 1246 1437 2215 
1913,0.3: 952 1846 
1914,1.3: 792 1313 2331 
1915,0.7: 462 1433 
1916,0.3: 952 2220 2242 
1917,1.5: 643 923 1161 1722 
1918,1.1: 580 2228 
1919,0.2: 1497 
1920,1.3: 424 2336 
1921,0.8: 547 705 1663 1664 
1922,1: 501 559 1124 1467 1727 2024 
1923,0.7: 53 1187 
1924,1.2: 1461 2054 
1925,1.4: 1641 1674 1897 
1926,0.7: 338 441 
1927,1.1: 1789 
1928,1: 213 1905 2331 
1929,1.5: 768 776 1012 1248 1268 
1930,1: 1219 1313 1932 
1931,1.3: 88 594 1181 1440 1766 
1932,0.3: 77 612 694 1930 1978 2224 
1933,1.4: 918 1032 1114 1156 1578 
1934,1: 88 297 338 842 1285 
1935,0.2: 313 1904 2061 
1936,0.6: 175 728 863 864 1789 
1937,1.3: 328 1212 1790 
1938,1.3: 563 857 1659 2322 
1939,0.4: 1438 
1940,1.5: 1382 2012 
1941,1.1: 1572 
1942,0.7: 604 636 952 
1943,1: 835 1406 1689 
1944,0.7: 1312 
1945,1.4: 682 743 941 1357 
1946,1.4: 395 468 473 2177 
1947,1.1: 712 1808 2065 
1948,1.4: 1691 
1949,1.1: 44 273 1400 1757 2113 
1950,1.4: 1009 2019 2020 
1951,1: 98 850 1262 1903 2222 
1952,0.9: 470 701 1774 2170 
1953,0.8: 588 
1954,1.3: 473 
1955,0.3: 71 1061 2220 2250 
1956,0.9: 590 899 1862 
1957,0.8: 1604 
1958,0.9: 140 1257 1637 1828 
1959,0.2: 2148 
1960,0.5: 1330 1500 
1961,1: 702 1023 2189 
1962,1.4: 1180 1289 
1963,0.4: 390 404 905 
1964,0.2: 252 824 1484 1898 
1965,0.4: 748 
1966,1.4: 576 1459 
1967,1.2: 231 292 437 507 
1968,0.7: 711 1271 2106 2150 
1969,0.9: 1456 
1970,0.6: 39 1859 
1971,1.5: 1194 
1972,0.5: 165 
1973,0.3: 276 650 798 1025 2117 
1974,0.2: 77 841 1437 1626 
1975,0.7: 1723 
1976,1.3: 610 
1977,0.8: 745 
1978,0.4: 339 678 1212 1377 1414 1448 1932 
1979,1.2: 408 872 1072 
1980,1.4: 59 544 918 1352 
1981,1.5: 1639 2030 
1982,0.3: 63 318 1517 1572 
1983,0.8: 112 345 1002 
1984,1.5: 352 1623 
1985,1.1: 798 1700 2098 
1986,0.4: 100 558 1866 2011 2178 
1987,1: 64 86 
1988,1.3: 155 949 1842 2042 2242 
1989,1: 24 580 915 1630 
1990,0.6: 2085 
1991,0.3: 177 235 
1992,0.5: 560 881 1409 1705 2288 
1993,1.2: 292 321 499 1626 1824 2063 
1994,0.1: 985 1256 1331 
1995,0.4: 488 1377 
1996,1.2: 255 524 1179 1397 
1997,0.7: 1274 1459 
1998,1.3: 291 1349 1737 1764 
1999,0.7: 418 
2000,1.5: 1418 1768 
2001,0.3: 247 1043 
2002,1: 289 1852 
2003,0.2: 900 1492 
2004,0.4: 741 1788 
2005,0.2: 187 994 2032 2265 
2006,1.4: 660 
2007,1.3: 227 978 1412 2319 
2008,1.1: 89 1740 2060 2094 
2009,0.4: 1120 2113 2339 
2010,1.3: 697 1448 
2011,1.1: 620 727 1867 1986 2339 
2012,0.5: 1940 2207 2209 
2013,0.5: 522 2074 
2014,1.2: 48 659 1117 
2015,0.6: 1718 1770 
2016,1: 1483 1831 2164 
2017,0.7: 1281 1441 
2018,1.1: 141 333 1245 1461 1865 2232 
2019,1.3: 140 1210 1950 2220 
2020,0.6: 309 633 1759 1950 
2021,0.4: 470 2043 2297 
2022,1.4: 370 1064 1178 1764 2061 2099 2317 
2023,0.4: 1356 2129 
2024,1.5: 1172 1378 1922 
2025,1.1: 1088 
2026,1: 1132 1432 
2027,0.7: 507 1556 
2028,1.2: 84 1401 2069 
2029,0.2: 161 216 1863 
2030,0.7: 1204 1695 1981 2162 2307 
2031,1: 622 838 1813 1897 
2032,1.4: 2005 
2033,1.4: 19 807 916 1329 2098 
2034,0.8: 1708 
2035,0.7: 975 1226 
2036,1.4: 339 2043 
2037,0.8: 764 1514 1671 1705 
2038,0.6: 1138 1207 1545 1736 
2039,0.1: 604 774 1048 1179 1554 1575 
2040,1.4: 482 1331 
2041,1.4: 396 479 1351 1358 1858 2173 
2042,0.2: 63 392 568 982 1988 
2043,0.2: 138 740 1359 2021 2036 
2044,0.3: 1483 
2045,0.6: 1298 1801 
2046,1.3: 1002 
2047,0.5: 1031 1104 1500 2273 
2048,1.3: 986 1231 1493 
2049,0.5: 281 765 
2050,1: 800 833 989 1195 1743 1882 
2051,0.5: 606 758 
2052,0.3: 357 1726 
2053,0.4: 537 2286 
2054,0.2: 5 331 796 1924 
2055,0.8: 315 850 882 
2056,1: 1248 2307 
2057,1.4: 1184 
2058,0.4: 612 803 1084 1375 
2059,0.7: 127 1527 1555 1823 
2060,0.5: 2008 
2061,0.2: 1433 1879 1935 2022 
2062,1.4: 803 1744 2130 
2063,0.5: 344 848 1993 
2064,0.7: 373 428 584 692 1335 
2065,1: 1730 1868 1947 2110 
2066,1.4: 220 286 
2067,1.3: 667 1352 1621 
2068,0.3: 932 933 1147 2258 
2069,1.4: 593 777 995 1233 2028 2141 
2070,1.3: 781 1775 
2071,1.1: 221 483 1174 1397 1802 2304 2338 
2072,0.4: 181 237 325 735 1468 1787 
2073,0.6: 672 1743 2176 
2074,0.9: 162 285 975 1066 2013 2174 
2075,0.8: 39 121 581 
2076,1.4: 1735 
2077,1.1: 1833 
2078,0.9: 453 1521 1662 2141 
2079,0.5: 30 620 
2080,1.3: 273 636 
2081,0.9: 3 856 1638 2188 2285 2293 2306 
2082,0.6: 1196 1404 2232 
2083,0.4: 379 
2084,0.4: 1327 1643 2175 
2085,0.4: 978 1990 
2086,0.4: 499 1603 
2087,0.5: 1089 
2088,1.1: 14 532 679 1144 1218 1735 2139 2283 
2089,0.2: 928 1758 1883 
2090,0.9: 1474 1794 
2091,1.4: 251 
2092,0.9: 276 317 1525 2095 2125 2319 
2093,1: 693 913 1736 2340 
2094,1: 403 651 1087 1306 1571 2008 
2095,1.1: 454 2092 
2096,0.7: 87 841 1880 
2097,1: 586 932 1780 2307 
2098,1.3: 378 1618 1985 2033 2253 
2099,0.2: 49 1339 1413 2022 
2100,0.8: 982 2288 
2101,1: 1142 1322 
2102,1.4: 1681 2311 
2103,0.9: 481 1084 
2104,1: 307 725 1503 
2105,1.2: 1082 1832 
2106,1.4: 164 1968 2205 
2107,0.5: 1521 1600 1818 
2108,1.1: 1839 
2109,0.9: 585 1013 1360 2195 2306 
2110,0.6: 1466 2065 2270 
2111,1.3: 738 1900 
2112,0.6: 476 592 684 1035 
2113,1: 625 1432 1560 1949 2009 
2114,0.8: 1370 1527 
2115,0.3: 348 1093 1283 
2116,0.1: 2296 
2117,0.7: 833 1710 1973 
2118,1.1: 877 1674 
2119,1.5: 97 474 1427 2210 2324 
2120,1: 98 
2121,1.1: 1427 
2122,0.3: 619 935 1478 1706 2291 
2123,0.7: 746 930 1662 2285 
2124,1: 1580 
2125,0.6: 562 580 1477 1575 2092 
2126,0.4: 442 552 716 1111 
2127,0.9: 82 126 298 633 764 968 1389 
2128,1: 1404 2248 2335 
2129,1.5: 208 946 1062 1143 2023 
2130,0.7: 287 370 489 1730 1899 2062 
2131,1.2: 1009 
2132,1.3: 396 
2133,1.1: 667 751 1855 
2134,0.5: 753 1412 2333 
2135,1.5: 1155 1770 2328 
2136,0.8: 339 856 
2137,0.9: 1010 
2138,0.5: 440 538 2170 
2139,0.2: 284 1365 2088 
2140,0.4: 350 395 1352 
2141,0.4: 865 1792 1859 2069 2078 
2142,1.3: 77 296 668 
2143,0.2: 215 1105 1671 1752 
2144,0.7: 232 719 872 1644 
2145,1.2: 2194 
2146,0.2: 262 492 1083 2282 
2147,0.9: 573 1224 1620 
2148,0.3: 812 957 1312 1959 
2149,1.1: 666 703 2151 
2150,0.8: 1061 1968 
2151,1.1: 633 1092 2149 2220 
2152,0.6: 1241 
2153,1.1: 297 594 739 892 1467 
2154,0.3: 98 1610 1772 
2155,0.1: 191 966 1416 1646 2336 
2156,0.3: 644 1781 2276 
2157,1.3: 1 243 868 1738 1754 
2158,1.1: 370 1863 
2159,0.6: 326 
2160,0.2: 1672 
2161,1: 397 
2162,0.1: 577 638 1204 1474 2030 2178 
2163,0.4: 2338 
2164,0.8: 293 720 935 1427 2016 
2165,0.3: 281 
2166,0.8: 365 788 
2167,1.2: 721 1403 2247 
2168,0.2: 967 1330 2296 
2169,1.4: 241 828 1022 2297 
2170,0.9: 13 24 70 276 871 1441 1952 2138 
2171,1.2: 550 1499 1500 
2172,1.1: 165 1259 2343 
2173,0.3: 611 1235 1338 1400 1551 2041 
2174,0.7: 196 1875 2074 2191 
2175,0.8: 519 1794 1795 2084 
2176,0.6: 2073 
2177,0.9: 337 1171 1946 
2178,0.2: 265 442 985 1986 2162 
2179,1.2: 1631 
2180,0.2: 115 169 382 1064 1781 
2181,1.5: 262 
2182,0.1: 1690 
2183,1.2: 942 1534 1582 1733 
2184,0.6: 2285 
2185,0.6: 387 
2186,0.9: 1195 1659 2301 
2187,1.3: 42 498 1747 
2188,1.4: 334 434 2081 2306 
2189,1.3: 1961 
2190,1.1: 455 566 1646 1685 2217 
2191,0.1: 621 791 1142 1633 2174 
2192,1: 25 1434 
2193,1.1: 2291 
2194,1.2: 149 164 879 1007 2145 
2195,0.4: 132 302 904 917 1875 2109 
2196,0.8: 383 952 
2197,1.2: 468 653 1236 
2198,0.7: 483 
2199,0.6: 387 727 1745 1898 2298 
2200,1: 57 818 1526 1840 
2201,0.5: 636 988 
2202,1.1: 889 899 1610 
2203,1.5: 1600 2337 
2204,0.4: 385 441 527 784 1871 
2205,1.1: 278 526 2106 
2206,0.3: 1062 
2207,0.1: 856 1126 2012 
2208,1: 181 438 536 
2209,0.9: 1644 2012 
2210,0.6: 597 1472 2119 
2211,1.3: 349 1636 
2212,0.6: 562 1757 
2213,1: 2314 
2214,1: 511 618 756 1888 
2215,0.6: 568 1177 1401 1787 1817 1912 
2216,1.2: 384 1089 
2217,0.4: 371 1709 2190 
2218,0.6: 1369 
2219,1.5: 675 
2220,1.5: 729 1529 1861 1916 1955 2019 2151 2273 
2221,0.9: 277 678 1113 
2222,0.4: 578 822 1007 1780 1951 
2223,0.3: 49 218 586 1122 1159 1798 
2224,0.2: 410 1002 1227 1932 
2225,0.9: 322 586 804 954 974 1536 
2226,1.2: 76 1057 
2227,1.1: 1354 
2228,1.3: 1424 1679 1918 
2229,1.3: 6 1005 1690 2284 
2230,0.3: 140 
2231,0.6: 613 
2232,1.2: 87 1889 2018 2082 
2233,0.8: 716 
2234,1: 855 1860 1880 
2235,0.7: 63 1473 2312 
2236,0.3: 528 693 1133 1232 1759 
2237,0.4: 448 2303 
2238,1: 1854 
2239,0.7: 560 739 1415 
2240,1.2: 57 311 1207 1477 2315 
2241,0.9: 175 811 1054 1168 1722 
2242,1.4: 10 123 524 1916 1988 
2243,0.5: 849 1870 
2244,0.2: 473 800 1408 1656 
2245,0.6: 519 1169 1794 2249 
2246,1.4: 485 1555 
2247,0.1: 10 520 1043 2167 
2248,1.5: 706 959 2128 
2249,1.2: 137 269 1506 2245 
2250,0.7: 521 528 1714 1955 
2251,0.3: 118 
2252,1.2: 1042 1162 
2253,0.4: 265 1130 2098 
2254,1.4: 765 1183 1601 1826 
2255,1.4: 383 1004 
2256,0.8: 113 937 1801 
2257,0.6: 312 1763 
2258,1: 1001 2068 
2259,1.4: 1497 1845 
2260,0.2: 199 754 1417 
2261,0.9: 647 
2262,0.9: 758 1498 1564 
2263,0.5: 88 659 746 964 1241 1849 
2264,0.3: 296 
2265,1.4: 412 790 892 1080 1141 1323 1559 1654 2005 
2266,0.3: 1135 
2267,1.1: 593 744 
2268,0.8: 102 1051 
2269,0.6: 152 2341 
2270,0.3: 818 1651 2110 
2271,0.3: 976 1474 
2272,0.9: 370 1166 
2273,0.8: 1236 2047 2220 
2274,0.9: 268 964 1480 
2275,0.9: 444 
2276,1.1: 2156 
2277,0.1: 139 644 866 
2278,0.2: 865 1729 1758 
2279,1: 863 1189 1716 
2280,0.6: 382 633 712 1500 
2281,1: 336 1226 1766 
2282,1.2: 417 883 922 1201 2146 
2283,0.2: 359 452 1430 1596 1725 2088 
2284,1.1: 305 1165 2229 
2285,0.8: 648 927 1298 2081 2123 2184 
2286,1.5: 359 2053 
2287,1.3: 348 
2288,0.1: 921 1634 1992 2100 
2289,0.9: 382 759 1376 1686 
2290,0.1: 199 413 1742 
2291,1.5: 371 1781 1889 2122 2193 
2292,1.2: 107 1741 
2293,0.2: 111 1888 2081 
2294,1.4: 849 
2295,1: 1372 
2296,1.5: 474 1385 2116 2168 
2297,1.3: 2021 2169 
2298,0.8: 960 1364 2199 
2299,0.4: 60 
2300,0.1: 1320 1540 
2301,0.8: 1884 2186 
2302,0.3: 143 325 
2303,0.4: 783 1607 2237 
2304,0.5: 517 766 2071 
2305,0.7: 607 1561 
2306,1.2: 432 2081 2109 2188 
2307,0.7: 148 1737 2030 2056 2097 
2308,0.7: 71 590 1019 1528 1649 1663 1761 
2309,0.6: 605 813 1765 
2310,0.5: 884 1389 
2311,0.4: 380 473 850 2102 
2312,1.4: 2235 
2313,0.9: 37 310 
2314,0.2: 111 391 1002 1033 1224 2213 
2315,0.9: 258 1054 2240 
2316,0.3: 1515 
2317,0.3: 386 855 2022 
2318,0.6: 47 904 1476 
2319,0.5: 293 2007 2092 
2320,1.1: 347 1315 
2321,1.2: 367 
2322,1.3: 1938 
2323,1.1: 1313 1853 1907 
2324,1.1: 22 1504 1569 1679 1734 2119 
2325,1.4: 952 
2326,0.4: 1339 1660 
2327,1.3: 1128 
2328,0.8: 330 2135 
2329,1.3: 449 1198 
2330,0.8: 34 72 598 639 851 
2331,1.4: 36 576 728 1278 1786 1914 1928 
2332,0.4: 198 222 329 
2333,1.1: 638 1882 2134 
2334,0.7: 1077 
2335,0.3: 2128 
2336,1.1: 1920 2155 
2337,1.2: 736 2203 
2338,0.6: 425 1121 1460 2071 2163 
2339,1.4: 1434 1892 2009 2011 
2340,0.9: 585 1551 2093 
2341,0.5: 106 961 2269 
2342,1.2: 1240 1733 
2343,0.8: 1024 1213 1229 1346 1546 1642 1716 2172 
