466 
0,0.7: 288 369 
1,0.6: 158 195 336 384 
2,1: 14 75 265 411 
3,1.4: 55 196 
4,0.7: 40 156 189 429 438 
5,0.7: 71 95 
6,0.5: 108 286 356 
7,1.5: 244 445 
8,0.8: 180 389 
9,0.5: 32 122 241 
10,1.2: 15 39 225 346 387 
11,0.7: 104 227 270 
12,0.9: 100 239 301 
13,1.2: 42 302 
14,0.3: 2 26 157 405 
15,1.4: 10 29 56 282 349 450 460 
16,1: 113 175 310 456 
17,0.9: 125 302 418 
18,0.6: 46 156 387 436 459 
19,0.7: 148 200 423 
20,0.5: 136 178 250 329 
21,0.2: 339 435 442 
22,0.7: 46 185 209 258 370 420 
23,1.1: 91 119 
24,1.1: 346 
25,1.3: 46 88 111 229 259 
26,0.7: 14 146 
27,0.8: 401 
28,1.3: 399 419 
29,0.6: 15 150 173 446 464 
30,0.9: 242 309 
31,1.1: 354 358 
32,1.1: 9 66 
33,1.5: 60 78 182 
34,0.1: 111 396 
35,1.3: 43 
36,1.4: 234 290 344 
37,0.4: 231 339 375 
38,0.4: 239 309 
39,0.5: 10 73 234 323 
40,0.9: 4 271 376 
41,0.5: 92 96 274 
42,1.3: 13 125 238 352 
43,0.4: 35 146 147 238 399 404 
44,0.8: 113 
45,0.1: 66 317 
46,0.7: 18 22 25 141 165 216 393 394 
47,1.4: 133 433 
48,1.1: 87 175 277 460 
49,0.2: 57 61 361 415 
50,1.1: 160 237 412 
51,0.7: 265 460 
52,0.3: 257 
53,0.4: 260 264 433 453 
54,0.6: 415 465 
55,0.5: 3 59 414 
56,0.5: 15 424 
57,0.8: 49 226 236 313 423 
58,1.1: 71 115 326 346 
59,0.2: 55 182 206 215 273 
60,1.2: 33 61 89 90 323 
61,0.2: 49 60 116 217 329 353 455 
62,0.2: 137 400 
63,0.6: 92 266 402 
64,0.8: 293 303 
65,0.6: 335 358 419 
66,0.5: 32 45 447 
67,1.3: 196 
68,1.3: 201 
69,0.5: 189 282 344 
70,0.2: 171 
71,0.5: 5 58 128 173 275 288 350 
72,1.2: 211 
73,1.3: 39 81 94 99 160 167 
74,0.2: 78 108 
75,0.6: 2 92 266 270 400 420 
76,1.3: 149 209 275 408 
77,0.4: 235 289 318 
78,0.3: 33 74 100 244 366 
79,0.4: 118 226 292 305 362 455 
80,0.9: 176 456 
81,0.5: 73 86 206 249 
82,0.6: 103 185 285 
83,0.8: 246 320 
84,1: 143 380 
85,0.7: 217 345 452 
86,1.3: 81 290 335 451 
87,0.4: 48 306 
88,1.2: 25 385 
89,1.4: 60 152 387 399 
90,0.9: 60 179 273 411 
91,0.3: 23 125 376 431 
92,1.4: 41 63 75 344 444 
93,0.8: 106 243 268 
94,0.6: 73 101 118 
95,0.3: 5 197 296 447 
96,0.6: 41 156 310 321 
97,0.5: 133 368 
98,0.7: 185 347 437 
99,0.9: 73 191 223 292 
100,0.2: 12 78 215 372 
101,0.4: 94 159 
102,0.8: 121 360 
103,0.8: 82 219 287 383 409 
104,1.2: 11 285 310 
105,0.4: 212 216 260 
106,1: 93 144 224 296 460 
107,0.5: 235 305 329 455 
108,1.4: 6 74 126 259 276 443 
109,1.3: 320 
110,1.2: 206 235 349 
111,0.9: 25 34 206 233 398 
112,0.6: 150 
113,1.2: 16 44 136 
114,0.7: 174 246 
115,0.5: 58 442 
116,1.3: 61 220 417 
117,0.9: 196 338 375 
118,0.7: 79 94 342 
119,0.2: 23 130 352 451 
120,1.4: 172 198 
121,0.2: 102 395 
122,0.8: 9 148 245 373 
123,0.4: 140 347 
124,0.3: 326 
125,1.2: 17 42 91 190 205 269 319 
126,0.9: 108 230 411 
127,1: 254 420 
128,1.3: 71 266 
129,1: 269 355 379 411 
130,1.2: 119 156 161 316 
131,0.5: 269 291 296 
132,0.6: 166 
133,1.1: 47 97 289 319 
134,0.4: 180 398 413 
135,1.3: 138 347 
136,0.3: 20 113 
137,0.6: 62 151 
138,0.5: 135 328 
139,0.5: 151 287 401 
140,0.6: 123 421 
141,0.5: 46 257 454 
142,0.9: 251 365 398 448 
143,0.2: 84 
144,0.4: 106 270 303 463 
145,1.2: 304 
146,1.2: 26 43 154 155 220 418 
147,0.4: 43 349 
148,0.8: 19 122 287 357 452 
149,0.4: 76 280 291 
150,1.2: 29 112 392 463 
151,1.1: 137 139 423 
152,0.3: 89 308 330 464 
153,0.6: 174 196 
154,0.2: 146 211 428 433 
155,0.3: 146 157 170 346 
156,1.3: 4 18 96 130 338 362 436 
157,1: 14 155 181 220 337 413 419 463 
158,0.8: 1 
159,0.3: 101 291 422 
160,0.9: 50 73 
161,0.8: 130 428 
162,0.9: 376 
163,0.4: 428 435 
164,0.4: 461 
165,0.6: 46 459 
166,0.5: 132 370 
167,0.9: 73 
168,0.4: 216 281 
169,0.2: 364 
170,0.8: 155 
171,1.2: 70 297 
172,0.4: 120 239 446 
173,1.2: 29 71 
174,0.2: 114 153 193 423 
175,0.9: 16 48 248 353 437 
176,0.9: 80 179 291 432 
177,0.4: 199 
178,0.2: 20 396 418 449 
179,0.1: 90 176 314 339 371 
180,0.8: 8 134 402 
181,1.4: 157 379 
182,0.6: 33 59 
183,1: 343 361 
184,0.4: 383 440 
185,1.3: 22 82 98 411 
186,0.8: 229 
187,1.3: 230 306 430 436 
188,0.6: 198 
189,0.3: 4 69 241 
190,0.7: 125 
191,0.4: 99 
192,0.6: 290 409 
193,0.6: 174 200 433 
194,0.2: 347 391 413 458 
195,1: 1 306 
196,1.1: 3 67 117 153 229 366 
197,0.8: 95 291 429 
198,0.8: 120 188 215 238 263 
199,0.9: 177 
200,1: 19 193 
201,1.4: 68 288 314 333 339 
202,1.3: 270 
203,1: 392 
204,1: 254 392 
205,0.5: 125 449 
206,0.4: 59 81 110 111 321 
207,0.8: 306 
208,1.1: 406 
209,0.6: 22 76 417 425 
210,0.3: 365 
211,0.4: 72 154 313 435 443 
212,0.2: 105 284 352 367 
213,0.5: 346 
214,1.3: 451 
215,0.1: 59 100 198 254 265 
216,0.2: 46 105 168 271 302 
217,0.4: 61 85 278 325 
218,1.3: 232 268 346 410 
219,0.2: 103 300 
220,0.7: 116 146 157 297 444 
221,0.4: 331 
222,0.7: 256 427 
223,0.9: 99 228 339 387 
224,0.7: 106 235 
225,0.8: 10 359 
226,0.7: 57 79 348 
227,0.4: 11 247 
228,1.2: 223 367 384 431 
229,1.3: 25 186 196 441 449 
230,0.5: 126 187 284 354 448 
231,1.2: 37 354 363 
232,1.1: 218 
233,1: 111 341 346 451 
234,1.5: 36 39 255 313 
235,1.1: 77 107 110 224 261 382 
236,0.2: 57 
237,0.4: 50 316 362 
238,0.7: 42 43 198 378 446 
239,0.3: 12 38 172 254 
240,0.2: 323 
241,1.4: 9 189 256 370 
242,1.3: 30 350 
243,0.2: 93 
244,0.8: 7 78 303 
245,0.9: 122 386 
246,0.7: 83 114 434 
247,1.2: 227 345 
248,0.6: 175 266 296 350 
249,0.9: 81 
250,0.6: 20 
251,0.6: 142 388 
252,1.2: 374 385 410 451 
253,0.4: 314 412 
254,1.1: 127 204 215 239 
255,0.8: 234 348 354 408 
256,0.4: 222 241 
257,0.5: 52 141 430 461 
258,0.5: 22 
259,0.7: 25 108 
260,1.3: 53 105 286 291 400 
261,1.2: 235 398 
262,1.3: 279 323 337 
263,1: 198 264 
264,1.1: 53 263 287 
265,0.2: 2 51 215 378 
266,0.2: 63 75 128 248 299 428 
267,0.4: 313 389 436 456 
268,0.4: 93 218 444 
269,1.3: 125 129 131 
270,1.5: 11 75 144 202 
271,0.5: 40 216 362 
272,1.3: 347 364 393 
273,1.1: 59 90 408 
274,1.3: 41 
275,0.8: 71 76 294 338 381 
276,0.4: 108 445 
277,1.5: 48 383 
278,1.2: 217 
279,0.5: 262 328 373 
280,0.7: 149 
281,0.9: 168 322 
282,0.3: 15 69 
283,0.7: 368 
284,0.6: 212 230 423 
285,1.4: 82 104 335 407 
286,0.9: 6 260 308 390 
287,0.1: 103 139 148 264 300 
288,0.8: 0 71 201 323 
289,1.4: 77 133 385 459 
290,0.7: 36 86 192 418 
291,0.3: 131 149 159 176 197 260 318 333 
292,1.2: 79 99 408 
293,1.2: 64 
294,0.5: 275 444 
295,1.2: 351 436 
296,1: 95 106 131 248 
297,1.2: 171 220 345 447 
298,1.2: 439 
299,1.3: 266 404 
300,1.4: 219 287 
301,1.4: 12 302 
302,0.6: 13 17 216 301 
303,1: 64 144 244 360 
304,1.2: 145 
305,0.7: 79 107 316 378 
306,1.2: 87 187 195 207 445 
307,0.7: 381 391 
308,1.4: 152 286 377 447 
309,0.2: 30 38 345 458 
310,1.3: 16 96 104 341 
311,0.9: 335 374 
312,0.1: 421 
313,0.6: 57 211 234 267 323 
314,0.5: 179 201 253 440 
315,1.3: 335 
316,0.9: 130 237 305 365 397 447 
317,0.3: 45 
318,0.5: 77 291 334 
319,1.5: 125 133 394 403 
320,1.1: 83 109 
321,0.5: 96 206 
322,0.5: 281 410 
323,0.7: 39 60 240 262 288 313 446 
324,0.8: 372 375 
325,1.1: 217 
326,0.2: 58 124 
327,1: 409 453 
328,1: 138 279 
329,0.8: 20 61 107 
330,0.9: 152 
331,0.9: 221 381 
332,0.6: 383 405 407 459 
333,1: 201 291 404 436 440 
334,0.7: 318 419 432 
335,0.6: 65 86 285 311 315 
336,0.4: 1 
337,0.4: 157 262 422 
338,1.3: 117 156 275 
339,0.4: 21 37 179 201 223 
340,1.1: 462 
341,0.4: 233 310 424 446 
342,0.1: 118 424 
343,1: 183 
344,0.8: 36 69 92 417 
345,0.6: 85 247 297 309 
346,1.2: 10 24 58 155 213 218 233 
347,0.5: 98 123 135 194 272 
348,0.1: 226 255 
349,0.5: 15 110 147 
350,0.6: 71 242 248 389 
351,1.3: 295 
352,0.3: 42 119 212 
353,0.6: 61 175 
354,1.2: 31 230 231 255 
355,0.8: 129 
356,1.1: 6 
357,0.2: 148 
358,0.7: 31 65 
359,1.3: 225 360 
360,0.7: 102 303 359 401 
361,1.2: 49 183 
362,0.6: 79 156 237 271 
363,0.7: 231 372 
364,0.2: 169 272 372 
365,1.4: 142 210 316 
366,1.3: 78 196 
367,1: 212 228 
368,0.2: 97 283 386 
369,0.2: 0 444 
370,0.9: 22 166 241 
371,0.8: 179 
372,0.1: 100 324 363 364 
373,0.4: 122 279 
374,0.1: 252 311 
375,1.2: 37 117 324 
376,0.3: 40 91 162 446 
377,1.1: 308 422 
378,1.1: 238 265 305 453 
379,1: 129 181 416 436 
380,0.2: 84 
381,1.4: 275 307 331 
382,1.2: 235 450 
383,0.2: 103 184 277 332 
384,0.4: 1 228 
385,0.6: 88 252 289 
386,0.4: 245 368 
387,0.6: 10 18 89 223 
388,1.4: 251 449 
389,1.2: 8 267 350 
390,0.7: 286 
391,0.7: 194 307 
392,1.1: 150 203 204 417 442 
393,0.9: 46 272 
394,1: 46 319 
395,0.3: 121 
396,1.3: 34 178 461 
397,0.9: 316 
398,0.5: 111 134 142 261 430 
399,0.1: 28 43 89 
400,1.2: 62 75 260 
401,0.2: 27 139 360 
402,1.2: 63 180 
403,1.5: 319 406 
404,1: 43 299 333 
405,0.5: 14 332 
406,0.6: 208 403 450 
407,0.1: 285 332 
408,0.9: 76 255 273 292 457 
409,1: 103 192 327 
410,1.3: 218 252 322 
411,0.5: 2 90 126 129 185 
412,0.7: 50 253 
413,0.5: 134 157 194 
414,0.4: 55 463 
415,0.7: 49 54 
416,1.3: 379 419 
417,0.6: 116 209 344 392 
418,0.4: 17 146 178 290 
419,0.5: 28 65 157 334 416 
420,1.1: 22 75 127 
421,1.5: 140 312 
422,0.6: 159 337 377 434 
423,0.7: 19 57 151 174 284 
424,1: 56 341 342 
425,0.9: 209 
426,1.2: 447 
427,1.5: 222 
428,1.1: 154 161 163 266 
429,0.5: 4 197 447 
430,0.9: 187 257 398 
431,1.4: 91 228 440 
432,1.4: 176 334 439 
433,1.5: 47 53 154 193 
434,0.2: 246 422 
435,0.7: 21 163 211 450 
436,0.2: 18 156 187 267 295 333 379 
437,1.3: 98 175 
438,1.1: 4 
439,1.5: 298 432 452 
440,0.5: 184 314 333 431 
441,0.6: 229 
442,0.3: 21 115 392 
443,1.4: 108 211 
444,1.3: 92 220 268 294 369 451 
445,1.3: 7 276 306 
446,1.1: 29 172 238 323 341 376 
447,0.5: 66 95 297 308 316 426 429 
448,0.9: 142 230 
449,1: 178 205 229 388 
450,1.2: 15 382 406 435 
451,1: 86 119 214 233 252 444 
452,1.1: 85 148 439 
453,1.1: 53 327 378 460 
454,0.1: 141 459 
455,0.5: 61 79 107 
456,1.4: 16 80 267 
457,0.7: 408 
458,0.4: 194 309 
459,1: 18 165 289 332 454 
460,0.2: 15 48 51 106 453 461 
461,1.4: 164 257 396 460 
462,1.1: 340 464 
463,0.2: 144 150 157 414 
464,0.9: 29 152 462 
465,0.8: 54 
