235 
0,1.5: 215 
1,0.2: 22 25 42 67 117 149 192 226 
2,1.2: 24 95 220 
3,0.8: 26 58 
4,1.1: 50 53 66 72 169 
5,0.9: 177 198 222 
6,0.2: 74 134 
7,1.2: 109 226 
8,0.2: 192 
9,1: 28 57 
10,0.5: 133 213 
11,1.4: 225 
12,0.1: 13 73 118 
13,0.8: 12 
14,0.3: 28 95 167 184 230 
15,1.2: 52 131 181 207 230 
16,0.7: 24 52 124 150 
17,0.7: 71 188 
18,1.2: 197 
19,0.9: 26 
20,0.6: 25 37 
21,0.8: 77 141 186 214 
22,1.5: 1 
23,0.5: 81 83 136 175 
24,0.1: 2 16 149 173 
25,1.4: 1 20 41 
26,0.5: 3 19 141 172 
27,1: 79 98 
28,0.6: 9 14 75 80 170 184 
29,0.7: 83 168 177 223 
30,1: 84 108 139 182 229 
31,1.4: 114 156 157 162 
32,1.1: 215 
33,1.2: 203 
34,0.7: 62 112 
35,0.2: 184 209 
36,1.2: 114 
37,0.3: 20 133 169 184 228 
38,0.4: 161 201 223 
39,1: 111 215 
40,1.1: 61 
41,0.9: 25 129 
42,1.2: 1 51 71 180 184 212 
43,1.4: 63 93 152 
44,0.8: 191 224 
45,1.2: 127 
46,1.4: 162 188 
47,0.6: 139 230 
48,0.7: 77 107 119 229 
49,1.4: 229 
50,1.3: 4 82 154 
51,1.4: 42 66 119 226 
52,0.8: 15 16 125 
53,1.4: 4 77 144 
54,1.5: 58 120 122 185 
55,0.4: 125 141 165 182 205 
56,1.3: 92 115 
57,0.8: 9 131 207 
58,0.5: 3 54 114 149 
59,0.2: 186 
60,0.7: 177 216 226 
61,0.7: 40 140 160 181 200 218 
62,0.8: 34 86 
63,1.1: 43 159 
64,0.3: 74 87 136 184 
65,0.5: 210 223 
66,0.2: 4 51 81 111 
67,0.9: 1 121 164 211 
68,0.5: 92 
69,1.3: 145 198 
70,1.3: 168 
71,0.5: 17 42 148 
72,0.9: 4 176 
73,1.4: 12 86 173 
74,1: 6 64 131 189 196 197 227 229 
75,0.5: 28 124 168 177 189 209 
76,0.5: 103 127 
77,1.2: 21 48 53 129 
78,0.7: 122 201 
79,0.5: 27 96 232 
80,1.3: 28 222 
81,0.7: 23 66 
82,0.8: 50 160 165 171 
83,0.4: 23 29 97 137 
84,0.3: 30 102 232 
85,1.4: 91 142 144 189 
86,0.1: 62 73 92 192 
87,0.9: 64 
88,0.4: 104 
89,1.4: 144 150 189 213 
90,0.4: 98 113 218 225 
91,1.2: 85 113 174 187 
92,0.2: 56 68 86 233 
93,1.4: 43 96 
94,1.2: 148 224 
95,0.2: 2 14 198 
96,1: 79 93 97 151 208 
97,1.3: 83 96 234 
98,0.9: 27 90 
99,1.3: 171 
100,0.9: 118 142 
101,1.2: 105 
102,0.6: 84 234 
103,0.7: 76 121 135 141 190 
104,0.2: 88 
105,1.3: 101 157 
106,0.1: 137 
107,0.3: 48 118 140 
108,1: 30 210 219 
109,1: 7 158 
110,1.5: 117 119 230 
111,1.5: 39 66 
112,0.8: 34 
113,1.3: 90 91 177 217 
114,0.2: 31 36 58 200 
115,0.9: 56 
116,1.5: 227 
117,1: 1 110 132 135 162 
118,0.8: 12 100 107 200 
119,0.1: 48 51 110 141 
120,0.4: 54 
121,1.3: 67 103 154 
122,0.7: 54 78 
123,1.3: 168 197 
124,1.4: 16 75 139 167 179 218 
125,1.2: 52 55 203 
126,1.1: 208 217 
127,1.1: 45 76 
128,0.2: 206 
129,1.3: 41 77 131 140 166 197 
130,1.4: 136 
131,0.2: 15 57 74 129 138 
132,0.3: 117 168 
133,0.3: 10 37 171 228 
134,0.7: 6 137 151 
135,1: 103 117 138 174 209 233 
136,1.4: 23 64 130 202 
137,0.8: 83 106 134 163 
138,0.6: 131 135 
139,1.3: 30 47 124 
140,0.3: 61 107 129 176 202 
141,1.4: 21 26 55 103 119 
142,0.7: 85 100 
143,1.5: 160 191 201 206 210 233 
144,1.3: 53 85 89 169 204 210 
145,1.4: 69 152 
146,0.2: 201 
147,0.1: 164 216 
148,1.5: 71 94 
149,0.8: 1 24 58 
150,0.1: 16 89 
151,0.4: 96 134 157 178 225 
152,1.3: 43 145 
153,1.4: 226 
154,1.4: 50 121 191 201 
155,0.1: 196 
156,0.3: 31 225 
157,1: 31 105 151 179 194 
158,1: 109 
159,0.3: 63 
160,1: 61 82 143 214 
161,0.7: 38 
162,1.2: 31 46 117 
163,1.2: 137 216 233 
164,1.1: 67 147 191 
165,0.6: 55 82 175 204 
166,0.8: 129 
167,1.1: 14 124 191 
168,0.3: 29 70 75 123 132 196 233 
169,0.3: 4 37 144 202 
170,0.4: 28 176 202 230 
171,1.4: 82 99 133 
172,0.2: 26 
173,1.2: 24 73 
174,0.1: 91 135 
175,0.6: 23 165 
176,0.5: 72 140 170 229 
177,0.6: 5 29 60 75 113 179 213 
178,0.7: 151 213 220 
179,0.9: 124 157 177 
180,0.2: 42 198 
181,0.6: 15 61 195 
182,0.8: 30 55 225 
183,0.6: 206 229 
184,0.6: 14 28 35 37 42 64 
185,0.3: 54 194 221 
186,0.1: 21 59 220 
187,0.3: 91 
188,0.4: 17 46 
189,0.3: 74 75 85 89 
190,0.1: 103 195 199 232 
191,0.2: 44 143 154 164 167 
192,1.1: 1 8 86 228 
193,0.3: 212 
194,0.7: 157 185 
195,1.3: 181 190 228 
196,1.1: 74 155 168 221 
197,1: 18 74 123 129 
198,1.3: 5 69 95 180 
199,1.2: 190 
200,1.4: 61 114 118 
201,0.3: 38 78 143 146 154 
202,0.7: 136 140 169 170 
203,1.4: 33 125 224 
204,0.7: 144 165 
205,0.5: 55 
206,0.2: 128 143 183 
207,1.1: 15 57 216 
208,0.9: 96 126 
209,1.4: 35 75 135 
210,0.7: 65 108 143 144 
211,0.4: 67 
212,1.5: 42 193 
213,0.4: 10 89 177 178 
214,1.5: 21 160 
215,1: 0 32 39 
216,0.5: 60 147 163 207 
217,0.5: 113 126 
218,0.6: 61 90 124 231 
219,0.8: 108 231 
220,0.2: 2 178 186 
221,0.2: 185 196 
222,1: 5 80 227 
223,1.5: 29 38 65 
224,1.1: 44 94 203 
225,0.2: 11 90 151 156 182 
226,1.1: 1 7 51 60 153 
227,0.5: 74 116 222 
228,1.1: 37 133 192 195 
229,0.3: 30 48 49 74 176 183 
230,1.4: 14 15 47 110 170 
231,0.4: 218 219 
232,0.3: 79 84 190 
233,0.9: 92 135 143 163 168 
234,1.1: 97 102 
