941 
0,0.5: 46 155 313 
1,0.4: 198 479 511 559 796 
2,0.6: 30 660 
3,0.2: 650 682 935 
4,1.2: 126 278 
5,0.6: 297 397 544 864 891 
6,0.8: 548 843 
7,1.3: 48 197 353 764 
8,0.5: 245 375 684 799 930 
9,0.2: 494 843 
10,0.7: 118 594 860 
11,1.1: 110 174 204 361 382 423 576 
12,0.8: 98 
13,0.9: 125 632 
14,0.2: 319 675 717 746 929 
15,1.4: 541 588 801 
16,0.8: 278 722 738 784 
17,0.4: 31 811 901 
18,0.5: 216 372 615 828 
19,1.2: 423 
20,1.4: 101 184 338 421 483 575 815 
21,1: 203 378 757 847 892 
22,0.8: 100 331 
23,0.8: 121 251 709 
24,1: 121 236 
25,1.1: 105 328 394 511 778 
26,1.2: 54 206 455 676 776 780 
27,0.3: 406 414 
28,1.1: 240 245 367 
29,0.6: 386 618 823 842 
30,1.1: 2 405 609 772 
31,0.9: 17 82 568 703 824 
32,0.2: 312 391 595 693 793 888 924 
33,1: 189 469 
34,0.3: 131 884 
35,1: 364 
36,0.9: 320 496 736 852 
37,0.6: 604 
38,0.9: 392 
39,0.6: 124 582 665 710 
40,0.6: 863 
41,0.7: 111 814 
42,0.7: 535 799 
43,1.2: 468 752 
44,1.4: 49 135 736 795 814 
45,1.1: 114 236 445 571 675 705 830 
46,0.9: 0 435 809 
47,1.1: 62 207 570 
48,0.2: 7 573 583 
49,0.6: 44 84 389 618 
50,1.1: 592 644 881 
51,1.5: 435 560 692 884 
52,0.3: 797 921 922 
53,0.9: 490 664 917 
54,1.3: 26 137 869 
55,0.4: 526 
56,0.6: 527 738 
57,0.6: 281 319 849 
58,0.8: 379 432 754 
59,1.5: 815 
60,1: 615 720 
61,1.5: 366 377 
62,0.7: 47 149 
63,0.6: 847 854 
64,0.7: 716 789 807 
65,0.7: 87 187 569 609 739 
66,1.3: 220 
67,1.2: 212 290 639 732 853 
68,0.3: 71 442 748 797 
69,1.2: 351 
70,1.2: 254 724 788 883 
71,1: 68 
72,1.3: 641 
73,0.9: 116 276 314 469 930 
74,0.2: 557 
75,1: 181 259 713 
76,1.1: 192 239 612 761 779 801 
77,0.9: 106 181 366 482 
78,0.7: 230 597 634 704 747 822 
79,0.3: 194 849 
80,1.3: 450 787 871 
81,1.1: 97 549 705 
82,1.3: 31 
83,0.4: 417 
84,1.3: 49 397 604 
85,0.2: 603 
86,1.2: 282 341 
87,0.7: 65 687 
88,1: 310 
89,1.3: 686 
90,1: 164 412 
91,1.4: 297 421 654 672 932 
92,0.7: 384 558 657 
93,0.2: 766 
94,0.2: 367 428 544 
95,1.2: 162 
96,1.2: 122 224 336 618 743 
97,1.4: 81 805 814 
98,0.3: 12 230 704 788 
99,1.3: 460 497 826 
100,0.6: 22 124 799 
101,1.1: 20 442 
102,0.3: 608 
103,0.5: 306 408 
104,1.1: 327 730 751 764 877 
105,1.3: 25 233 445 653 
106,0.4: 77 518 749 
107,0.7: 746 875 
108,0.6: 118 212 282 402 
109,1.1: 401 
110,0.5: 11 248 696 
111,1.1: 41 193 
112,0.9: 712 772 
113,1.3: 127 155 211 612 659 
114,0.8: 45 203 614 
115,1.2: 204 286 462 886 
116,1.1: 73 172 329 
117,1.1: 168 
118,0.4: 10 108 167 461 528 648 
119,0.8: 417 515 524 681 
120,1: 453 604 756 940 
121,0.2: 23 24 190 363 
122,0.5: 96 229 519 629 
123,1: 137 687 
124,0.9: 39 100 755 
125,0.9: 13 690 
126,1.2: 4 719 
127,0.9: 113 335 728 
128,0.3: 347 813 
129,1.3: 280 
130,0.8: 493 870 
131,0.8: 34 765 927 
132,0.4: 372 
133,0.3: 206 
134,0.9: 288 
135,0.1: 44 677 908 921 
136,1: 177 402 475 645 669 759 
137,1.1: 54 123 
138,0.7: 271 612 914 
139,1.5: 457 802 
140,1.1: 164 
141,1.4: 405 516 897 
142,0.6: 215 235 807 815 
143,0.1: 402 880 
144,1.4: 164 333 624 
145,1: 349 469 719 
146,1.2: 264 436 
147,0.5: 342 666 768 
148,0.5: 464 885 
149,0.7: 62 196 531 544 791 
150,0.5: 289 752 
151,1.2: 302 450 
152,1.2: 852 
153,0.5: 252 813 
154,1.2: 186 713 932 
155,1: 0 113 234 292 
156,0.7: 540 553 
157,1: 675 838 
158,0.3: 251 424 443 609 651 781 
159,0.1: 397 538 663 819 
160,1.1: 679 817 
161,0.6: 574 
162,1.4: 95 
163,1.3: 311 495 529 773 
164,0.2: 90 140 144 725 
165,1.1: 255 620 643 
166,0.6: 506 539 708 810 
167,0.3: 118 187 368 406 510 
168,1.5: 117 240 
169,1.4: 772 888 
170,1.4: 429 518 653 689 
171,1.2: 394 849 894 
172,0.5: 116 218 231 
173,0.9: 266 513 667 725 771 909 
174,0.5: 11 
175,0.7: 176 386 502 656 
176,1.4: 175 181 673 906 
177,0.5: 136 
178,0.6: 251 640 
179,1: 249 
180,0.9: 185 273 381 476 566 637 859 
181,0.7: 75 77 176 196 829 930 
182,1.4: 293 
183,1.3: 496 678 758 
184,0.4: 20 675 870 
185,0.9: 180 612 
186,1: 154 568 672 844 849 894 
187,1.1: 65 167 
188,0.8: 242 571 707 740 
189,0.2: 33 468 670 819 
190,0.4: 121 495 646 
191,1.1: 371 759 
192,0.8: 76 723 
193,0.9: 111 672 905 
194,0.2: 79 
195,0.8: 847 
196,1.3: 149 181 548 
197,1.1: 7 378 393 688 
198,0.3: 1 267 870 
199,0.9: 347 910 
200,0.6: 523 
201,0.9: 245 371 419 625 829 927 
202,0.3: 450 645 
203,0.8: 21 114 306 717 
204,0.7: 11 115 683 
205,1.3: 661 
206,0.6: 26 133 606 927 
207,0.2: 47 303 390 484 615 680 
208,0.7: 254 424 612 824 914 
209,0.7: 355 
210,0.9: 263 
211,1.2: 113 599 612 
212,1: 67 108 770 
213,0.7: 322 726 829 867 
214,1.2: 219 367 639 
215,0.2: 142 
216,0.6: 18 615 
217,0.9: 579 625 857 
218,0.6: 172 232 531 718 
219,0.4: 214 221 399 419 768 
220,1.1: 66 542 
221,0.3: 219 666 844 
222,0.3: 923 
223,0.3: 345 444 618 
224,0.7: 96 522 644 
225,0.2: 296 359 604 
226,0.7: 526 700 835 
227,0.3: 794 914 
228,1: 577 601 
229,1.5: 122 542 
230,0.3: 78 98 353 614 
231,0.2: 172 382 470 503 684 893 
232,0.6: 218 629 
233,1.3: 105 608 805 
234,1: 155 653 842 
235,0.3: 142 
236,0.7: 24 45 
237,0.4: 628 
238,0.8: 534 
239,1.1: 76 
240,0.5: 28 168 812 
241,1.3: 381 873 
242,1.5: 188 277 869 
243,0.3: 840 
244,0.9: 634 711 772 803 
245,0.8: 8 28 201 455 494 519 674 
246,1.3: 312 
247,1: 410 936 
248,1.4: 110 
249,0.4: 179 681 
250,0.3: 383 746 
251,0.7: 23 158 178 450 765 
252,1.5: 153 
253,0.8: 350 457 
254,1.1: 70 208 399 566 706 801 823 
255,1: 165 346 
256,1.4: 320 537 763 
257,0.2: 402 671 915 
258,0.7: 746 847 
259,1.3: 75 277 
260,1.3: 480 550 632 
261,0.5: 806 
262,1.2: 418 
263,1.1: 210 
264,0.3: 146 784 921 
265,1.3: 620 856 
266,1.3: 173 
267,0.9: 198 333 904 
268,1: 350 552 817 
269,1.3: 880 
270,0.7: 410 824 
271,0.6: 138 403 431 735 879 
272,1.5: 857 890 
273,1.2: 180 311 620 
274,0.8: 758 
275,1.2: 777 
276,0.9: 73 
277,0.7: 242 259 511 550 
278,1: 4 16 411 440 745 892 
279,1.5: 446 461 532 687 714 829 906 
280,1.3: 129 291 
281,0.9: 57 647 661 757 
282,0.7: 86 108 349 388 492 
283,1: 587 706 
284,0.7: 468 518 669 748 
285,1.2: 436 876 
286,0.2: 115 427 712 831 890 
287,0.4: 496 532 688 696 
288,1.1: 134 836 
289,0.4: 150 644 
290,1.4: 67 457 499 896 
291,0.1: 280 322 
292,1.4: 155 431 741 
293,0.4: 182 320 576 618 
294,1.1: 418 511 856 
295,0.7: 500 507 677 726 
296,0.4: 225 699 806 
297,1.5: 5 91 586 
298,0.8: 320 732 
299,0.3: 478 
300,1.3: 887 
301,1.2: 348 506 802 
302,0.4: 151 391 502 567 698 
303,1.1: 207 
304,1: 476 515 783 937 
305,0.3: 429 896 
306,1.4: 103 203 439 862 
307,0.4: 491 627 
308,0.9: 675 893 
309,1: 455 574 644 
310,0.6: 88 556 845 
311,0.6: 163 273 
312,1: 32 246 804 
313,1.1: 0 434 567 585 
314,0.3: 73 574 
315,1.2: 455 474 668 
316,0.7: 604 
317,0.4: 407 
318,0.5: 613 
319,1.3: 14 57 
320,1.2: 36 256 293 298 414 634 759 
321,1: 414 
322,1.4: 213 291 602 
323,0.9: 473 683 716 
324,0.6: 576 
325,0.8: 465 508 
326,1.5: 553 651 
327,0.5: 104 551 858 861 885 
328,0.8: 25 423 
329,0.6: 116 777 
330,0.5: 349 729 851 908 
331,0.9: 22 472 690 
332,1.3: 432 775 
333,0.2: 144 267 530 745 803 845 
334,1.1: 336 
335,1.4: 127 416 584 703 
336,0.5: 96 334 338 448 450 
337,1.2: 689 906 
338,0.8: 20 336 609 780 898 
339,0.6: 370 669 695 
340,0.8: 455 612 
341,1.4: 86 583 749 
342,0.6: 147 
343,0.8: 778 880 
344,0.7: 412 421 493 540 595 919 
345,0.8: 223 894 
346,0.2: 255 541 
347,1.1: 128 199 706 
348,0.1: 301 504 631 676 745 
349,1: 145 282 330 513 
350,0.4: 253 268 426 683 687 938 
351,0.3: 69 482 657 
352,1.2: 391 543 747 928 
353,1.5: 7 230 846 863 
354,0.9: 524 795 830 
355,1: 209 407 
356,0.5: 390 461 687 
357,0.4: 556 669 806 
358,1.1: 683 868 938 
359,0.3: 225 
360,0.4: 464 784 810 887 929 
361,1.1: 11 
362,0.2: 848 
363,1.1: 121 528 
364,1.3: 35 
365,0.3: 727 
366,0.9: 61 77 398 
367,1: 28 94 214 458 779 
368,0.7: 167 845 
369,0.8: 659 920 
370,1: 339 711 754 
371,0.5: 191 201 376 920 
372,1.5: 18 132 806 
373,0.7: 406 538 
374,1.4: 661 705 870 933 
375,0.8: 8 443 655 
376,0.2: 371 620 905 
377,0.5: 61 
378,0.8: 21 197 484 766 
379,1.1: 58 863 
380,1.2: 526 579 851 
381,1.3: 180 241 651 687 
382,1: 11 231 774 
383,0.4: 250 447 
384,1.1: 92 443 
385,0.6: 481 805 819 
386,0.8: 29 175 847 
387,1.1: 802 841 849 
388,1.1: 282 
389,0.2: 49 936 
390,0.9: 207 356 421 806 902 
391,1.1: 32 302 352 
392,0.4: 38 887 
393,0.6: 197 555 898 
394,1.4: 25 171 897 
395,0.9: 521 
396,0.2: 459 
397,1.1: 5 84 159 738 
398,0.6: 366 540 730 
399,0.8: 219 254 642 878 
400,1.3: 630 
401,1.1: 109 458 475 533 
402,1.2: 108 136 143 257 603 650 
403,0.2: 271 505 577 740 
404,1.1: 446 591 
405,0.8: 30 141 890 
406,0.8: 27 167 373 932 
407,0.8: 317 355 468 510 874 
408,1.3: 103 
409,1.3: 458 
410,1.3: 247 270 516 690 708 
411,1.1: 278 488 756 
412,0.7: 90 344 476 555 
413,1.1: 632 
414,0.3: 27 320 321 432 435 614 
415,1.2: 575 
416,0.6: 335 432 490 544 857 
417,0.6: 83 119 725 
418,1.2: 262 294 448 468 471 743 
419,0.6: 201 219 
420,1.4: 871 
421,0.6: 20 91 344 390 627 
422,0.9: 816 
423,1.3: 11 19 328 534 
424,0.9: 158 208 739 843 
425,1: 472 650 708 
426,0.3: 350 581 586 608 
427,0.7: 286 738 765 885 
428,1: 94 692 
429,0.2: 170 305 
430,0.2: 609 820 915 
431,1: 271 292 479 645 873 
432,0.9: 58 332 414 416 456 474 528 580 674 710 743 
433,1.2: 509 884 
434,0.1: 313 
435,0.8: 46 51 414 458 931 
436,0.2: 146 285 643 865 
437,0.3: 918 
438,0.7: 825 
439,0.2: 306 660 
440,1.3: 278 446 712 
441,0.6: 875 883 
442,1: 68 101 680 697 812 
443,0.2: 158 375 384 933 
444,0.5: 223 755 
445,0.4: 45 105 643 
446,1.2: 279 404 440 
447,0.1: 383 526 
448,0.6: 336 418 
449,0.5: 705 
450,0.8: 80 151 202 251 336 484 595 722 
451,1.5: 661 842 843 
452,1.2: 564 
453,0.6: 120 
454,0.5: 631 771 826 
455,0.6: 26 245 309 315 340 718 723 734 
456,0.7: 432 532 
457,0.7: 139 253 290 599 775 
458,0.2: 367 401 409 435 710 804 935 
459,1.1: 396 806 864 
460,1.1: 99 682 
461,0.8: 118 279 356 
462,0.8: 115 583 666 
463,0.1: 504 
464,0.3: 148 360 780 
465,1.3: 325 702 734 761 905 
466,0.2: 605 
467,0.2: 494 
468,0.6: 43 189 284 407 418 479 889 
469,0.6: 33 73 145 470 774 
470,1.2: 231 469 756 897 
471,1: 418 553 
472,0.2: 331 425 
473,1.1: 323 679 
474,0.6: 315 432 789 
475,0.8: 136 401 518 860 
476,0.1: 180 304 412 489 627 859 939 
477,1.1: 658 
478,0.7: 299 
479,0.9: 1 431 468 756 
480,1.1: 260 756 
481,0.7: 385 
482,0.3: 77 351 
483,0.7: 20 928 
484,1: 207 378 450 785 
485,0.7: 634 700 875 
486,1.4: 808 
487,1.2: 566 629 834 
488,1.5: 411 
489,0.2: 476 646 
490,0.8: 53 416 588 742 
491,1.3: 307 
492,1.3: 282 535 608 812 
493,0.2: 130 344 500 592 
494,0.9: 9 245 467 718 
495,1.1: 163 190 778 
496,0.3: 36 183 287 866 
497,0.4: 99 902 
498,0.5: 553 669 869 
499,0.1: 290 680 
500,0.6: 295 493 540 
501,0.2: 821 
502,1: 175 302 
503,1: 231 698 768 
504,1.5: 348 463 757 
505,0.7: 403 512 
506,1.5: 166 301 564 821 
507,0.5: 295 614 734 
508,0.5: 325 520 
509,1.5: 433 627 732 
510,0.4: 167 407 795 812 
511,0.9: 1 25 277 294 568 791 849 
512,1.1: 505 799 
513,1.4: 173 349 599 
514,0.6: 543 881 915 
515,0.8: 119 304 526 528 684 689 
516,1.2: 141 410 
517,0.9: 563 
518,1.2: 106 170 284 475 585 855 
519,0.8: 122 245 806 
520,1.4: 508 850 
521,0.2: 395 
522,0.6: 224 798 
523,0.6: 200 725 766 894 
524,0.3: 119 354 
525,0.4: 530 596 879 923 
526,0.3: 55 226 380 447 515 
527,1: 56 727 
528,1.2: 118 363 432 515 
529,0.8: 163 
530,0.2: 333 525 667 787 
531,0.8: 149 218 568 693 
532,0.7: 279 287 456 755 
533,0.6: 401 760 
534,0.8: 238 423 
535,0.1: 42 492 582 704 
536,1: 601 784 
537,0.7: 256 787 840 
538,1: 159 373 555 
539,0.1: 166 
540,1.3: 156 344 398 500 
541,1.2: 15 346 624 
542,1.3: 220 229 639 731 
543,0.1: 352 514 652 
544,1.2: 5 94 149 416 
545,0.4: 784 
546,1.3: 606 700 707 768 818 879 
547,1.3: 671 929 
548,1.3: 6 196 882 
549,0.7: 81 
550,1: 260 277 745 
551,1: 327 
552,1: 268 569 
553,0.3: 156 326 471 498 592 824 870 
554,0.5: 649 
555,0.2: 393 412 538 664 823 
556,1.3: 310 357 596 658 824 
557,0.2: 74 678 
558,0.8: 92 619 774 891 
559,1.4: 1 638 
560,1.4: 51 885 
561,1.1: 784 865 
562,0.9: 599 
563,1.3: 517 847 884 
564,1.1: 452 506 
565,1.2: 775 836 
566,0.6: 180 254 487 684 878 
567,1: 302 313 
568,0.5: 31 186 511 531 667 685 
569,0.7: 65 552 704 
570,1.2: 47 575 824 
571,0.9: 45 188 
572,0.2: 653 796 
573,0.7: 48 650 
574,0.8: 161 309 314 641 752 
575,0.4: 20 415 570 592 709 
576,1.3: 11 293 324 
577,1.1: 228 403 849 
578,0.2: 705 805 
579,0.9: 217 380 
580,0.5: 432 653 721 
581,1: 426 769 
582,1.4: 39 535 628 841 
583,0.1: 48 341 462 735 849 862 
584,0.1: 335 938 
585,0.7: 313 518 780 860 879 886 
586,1.1: 297 426 879 
587,0.5: 283 
588,0.3: 15 490 
589,1.5: 642 896 
590,0.3: 781 
591,1.1: 404 662 
592,0.8: 50 493 553 575 
593,1.2: 636 808 924 
594,0.7: 10 666 731 835 
595,0.3: 32 344 450 
596,0.8: 525 556 655 
597,0.9: 78 747 
598,0.4: 783 
599,0.3: 211 457 513 562 731 
600,0.5: 621 822 
601,0.7: 228 536 879 
602,0.3: 322 686 
603,0.9: 85 402 916 
604,0.4: 37 84 120 225 316 744 
605,0.3: 466 
606,0.3: 206 546 
607,1.4: 839 
608,0.6: 102 233 426 492 
609,1.3: 30 65 158 338 430 637 
610,0.9: 749 904 
611,1.3: 646 718 
612,0.1: 76 113 138 185 208 211 340 
613,1.5: 318 859 
614,1.5: 114 230 414 507 740 
615,1.2: 18 60 207 216 894 
616,0.4: 722 
617,0.1: 692 
618,0.9: 29 49 96 223 293 
619,1.2: 558 
620,0.9: 165 265 273 376 
621,0.8: 600 896 
622,0.7: 713 
623,1.1: 650 847 879 
624,0.2: 144 541 905 
625,1.5: 201 217 
626,1.1: 644 
627,0.2: 307 421 476 509 
628,1.5: 237 582 
629,1.1: 122 232 487 888 
630,1.3: 400 642 663 715 
631,1.3: 348 454 
632,1: 13 260 413 869 
633,1.5: 925 935 
634,0.3: 78 244 320 485 638 
635,0.3: 750 811 879 
636,0.1: 593 
637,0.9: 180 609 778 878 
638,0.9: 559 634 
639,0.6: 67 214 542 814 915 
640,0.7: 178 
641,0.1: 72 574 695 929 
642,0.6: 399 589 630 745 
643,1.4: 165 436 445 847 
644,0.9: 50 224 289 309 626 
645,1: 136 202 431 
646,0.4: 190 489 611 
647,0.4: 281 750 834 851 
648,1: 118 
649,0.3: 554 889 
650,1.3: 3 402 425 573 623 703 
651,0.7: 158 326 381 
652,0.7: 543 805 
653,1.5: 105 170 234 572 580 675 
654,0.9: 91 914 
655,0.3: 375 596 
656,1: 175 706 
657,1.2: 92 351 737 808 
658,0.9: 477 556 933 
659,0.7: 113 369 689 691 
660,1: 2 439 813 878 
661,0.5: 205 281 374 451 913 915 
662,0.1: 591 714 742 749 
663,1.5: 159 630 
664,0.7: 53 555 784 
665,0.9: 39 720 753 754 784 
666,1.3: 147 221 462 594 
667,0.5: 173 530 568 742 
668,0.3: 315 
669,0.8: 136 284 339 357 498 752 
670,0.8: 189 865 
671,1.3: 257 547 
672,0.3: 91 186 193 731 
673,0.2: 176 
674,0.5: 245 432 
675,1.4: 14 45 157 184 308 653 796 
676,0.5: 26 348 721 733 
677,0.5: 135 295 802 
678,0.7: 183 557 940 
679,1: 160 473 
680,1.4: 207 442 499 786 860 
681,0.2: 119 249 739 853 
682,0.4: 3 460 819 913 
683,0.7: 204 323 350 358 746 
684,0.3: 8 231 515 566 705 852 903 
685,0.5: 568 
686,0.9: 89 602 
687,1.3: 87 123 279 350 356 381 939 
688,0.6: 197 287 810 
689,0.4: 170 337 515 659 
690,0.4: 125 331 410 697 749 
691,1.2: 659 865 
692,0.4: 51 428 617 
693,1.2: 32 531 
694,0.6: 896 937 
695,0.7: 339 641 
696,1: 110 287 
697,0.1: 442 690 
698,1.3: 302 503 899 
699,0.9: 296 
700,0.3: 226 485 546 774 
701,0.6: 827 
702,1.5: 465 
703,1: 31 335 650 839 
704,1.4: 78 98 535 569 929 
705,1.2: 45 81 374 449 578 684 861 
706,0.2: 254 283 347 656 
707,0.9: 188 546 760 
708,0.4: 166 410 425 
709,1.4: 23 575 
710,0.8: 39 432 458 
711,1.4: 244 370 773 818 921 
712,1.1: 112 286 440 
713,0.6: 75 154 622 761 
714,1: 279 662 
715,1.3: 630 
716,0.6: 64 323 752 
717,1.3: 14 203 746 836 
718,1: 218 455 494 611 732 897 
719,1.2: 126 145 872 
720,0.1: 60 665 860 
721,0.7: 580 676 723 
722,0.9: 16 450 616 
723,0.1: 192 455 721 787 896 
724,0.9: 70 860 924 
725,1.1: 164 173 417 523 741 779 
726,0.7: 213 295 778 
727,0.6: 365 527 
728,1.4: 127 
729,1.2: 330 816 839 885 
730,0.5: 104 398 
731,1.1: 542 594 599 672 
732,1: 67 298 509 718 
733,0.6: 676 851 
734,0.3: 455 465 507 
735,0.8: 271 583 836 
736,1.2: 36 44 835 
737,0.6: 657 
738,1: 16 56 397 427 
739,1.2: 65 424 681 
740,1.5: 188 403 614 
741,0.7: 292 725 934 
742,1.4: 490 662 667 
743,0.2: 96 418 432 
744,1.5: 604 
745,0.1: 278 333 348 550 642 
746,1.3: 14 107 250 258 683 717 
747,1.3: 78 352 597 903 
748,1.1: 68 284 
749,1.2: 106 341 610 662 690 
750,0.9: 635 647 798 
751,0.7: 104 851 
752,1: 43 150 574 669 716 
753,0.3: 665 
754,1.2: 58 370 665 
755,0.6: 124 444 532 
756,1: 120 411 470 479 480 
757,0.7: 21 281 504 927 
758,0.1: 183 274 
759,1.5: 136 191 320 
760,0.2: 533 707 
761,0.2: 76 465 713 
762,0.7: 861 
763,1.2: 256 
764,0.8: 7 104 
765,0.8: 131 251 427 911 
766,1.3: 93 378 523 
767,1.5: 854 
768,1: 147 219 503 546 
769,0.8: 581 783 
770,0.3: 212 922 
771,0.8: 173 454 782 874 
772,0.8: 30 112 169 244 912 
773,1: 163 711 
774,0.6: 382 469 558 700 
775,1.1: 332 457 565 
776,0.5: 26 
777,0.2: 275 329 
778,0.5: 25 343 495 637 726 833 
779,0.2: 76 367 725 
780,0.2: 26 338 464 585 
781,1: 158 590 
782,0.7: 771 824 
783,0.4: 304 598 769 
784,1: 16 264 360 536 545 561 664 665 881 
785,0.5: 484 790 
786,0.2: 680 
787,0.3: 80 530 537 723 933 
788,1.3: 70 98 
789,0.2: 64 474 
790,0.3: 785 862 
791,0.7: 149 511 852 936 
792,0.3: 911 919 
793,0.9: 32 865 
794,0.4: 227 
795,0.6: 44 354 510 
796,0.7: 1 572 675 
797,1.4: 52 68 
798,0.4: 522 750 
799,0.9: 8 42 100 512 
800,0.2: 819 931 
801,0.5: 15 76 254 
802,1.1: 139 301 387 677 
803,1.2: 244 333 828 
804,0.7: 312 458 935 
805,1.2: 97 233 385 578 652 
806,0.2: 261 296 357 372 390 459 519 
807,0.6: 64 142 
808,1.1: 486 593 657 
809,0.6: 46 
810,1.3: 166 360 688 
811,0.9: 17 635 823 
812,0.4: 240 442 492 510 
813,0.4: 128 153 660 851 921 
814,1.2: 41 44 97 639 
815,1.5: 20 59 142 
816,0.7: 422 729 
817,1.5: 160 268 915 
818,0.9: 546 711 834 
819,0.9: 159 189 385 682 800 
820,0.8: 430 
821,1.4: 501 506 876 889 
822,1: 78 600 
823,1.1: 29 254 555 811 
824,1.4: 31 208 270 553 556 570 782 909 
825,1.1: 438 
826,0.8: 99 454 
827,0.3: 701 
828,1.1: 18 803 
829,0.4: 181 201 213 279 
830,0.5: 45 354 884 
831,0.3: 286 
832,0.5: 936 
833,0.6: 778 
834,0.2: 487 647 818 
835,0.2: 226 594 736 
836,1: 288 565 717 735 
837,1.2: 923 
838,0.7: 157 
839,1.2: 607 703 729 869 
840,1: 243 537 
841,0.2: 387 582 
842,0.3: 29 234 451 
843,0.7: 6 9 424 451 
844,1.4: 186 221 
845,0.1: 310 333 368 
846,0.1: 353 
847,0.6: 21 63 195 258 386 563 623 643 
848,0.2: 362 
849,0.8: 57 79 171 186 387 511 577 583 877 
850,1.4: 520 
851,1.1: 330 380 647 733 751 813 
852,0.4: 36 152 684 791 
853,0.7: 67 681 897 
854,0.7: 63 767 
855,0.6: 518 878 910 
856,1.3: 265 294 
857,0.5: 217 272 416 
858,0.1: 327 
859,0.7: 180 476 613 
860,0.2: 10 475 585 680 720 724 
861,0.6: 327 705 762 
862,0.8: 306 583 790 866 928 
863,1.2: 40 353 379 
864,0.5: 5 459 
865,1: 436 561 670 691 793 
866,0.2: 496 862 
867,0.8: 213 
868,1.1: 358 
869,0.6: 54 242 498 632 839 
870,0.2: 130 184 198 374 553 
871,1.3: 80 420 
872,0.9: 719 
873,0.5: 241 431 
874,1.3: 407 771 
875,0.3: 107 441 485 
876,0.4: 285 821 
877,0.9: 104 849 
878,0.8: 399 566 637 660 855 
879,0.2: 271 525 546 585 586 601 623 635 
880,0.7: 143 269 343 
881,1.3: 50 514 784 
882,0.6: 548 
883,1: 70 441 
884,0.8: 34 51 433 563 830 
885,1.1: 148 327 427 560 729 
886,0.9: 115 585 
887,0.6: 300 360 392 
888,1.3: 32 169 629 
889,1.2: 468 649 821 
890,0.7: 272 286 405 
891,0.2: 5 558 
892,1.2: 21 278 
893,0.2: 231 308 932 
894,0.3: 171 186 345 523 615 
895,1.5: 900 
896,0.5: 290 305 589 621 694 723 
897,0.2: 141 394 470 718 853 
898,0.4: 338 393 
899,0.3: 698 
900,0.8: 895 
901,0.7: 17 
902,0.8: 390 497 
903,0.1: 684 747 
904,1.5: 267 610 
905,1.1: 193 376 465 624 
906,0.6: 176 279 337 
907,0.2: 929 
908,1.4: 135 330 
909,1.5: 173 824 
910,0.2: 199 855 
911,1.4: 765 792 
912,0.3: 772 
913,1.3: 661 682 
914,0.2: 138 208 227 654 
915,1: 257 430 514 639 661 817 
916,0.5: 603 
917,0.2: 53 
918,0.7: 437 
919,0.4: 344 792 924 926 
920,0.4: 369 371 
921,0.4: 52 135 264 711 813 
922,1.2: 52 770 
923,0.8: 222 525 837 
924,0.5: 32 593 724 919 
925,0.5: 633 
926,1: 919 
927,1.3: 131 201 206 757 
928,1.3: 352 483 862 
929,1.2: 14 360 547 641 704 907 932 
930,1.3: 8 73 181 
931,0.7: 435 800 
932,0.3: 91 154 406 893 929 
933,1: 374 443 658 787 
934,0.2: 741 
935,0.1: 3 458 633 804 
936,0.2: 247 389 791 832 
937,0.3: 304 694 
938,0.8: 350 358 584 
939,0.9: 476 687 
940,0.2: 120 678 
