250 
0,0.4: 1 21 28 30 31 37 38 45 62 77 81 102 103 111 116 118 120 122 125 127 128 142 158 168 215 220 248 
1,0.3: 0 2 3 5 6 7 10 13 18 30 31 37 38 45 57 62 77 81 102 103 112 125 126 127 128 129 135 142 143 150 158 202 204 218 
2,0.6: 1 5 10 31 32 35 62 115 126 128 143 150 174 218 
3,0.3: 1 4 6 7 9 15 17 19 28 31 38 54 62 102 124 126 127 140 167 175 
4,0.4: 3 6 7 9 15 17 20 28 31 128 170 
5,0.4: 1 2 8 11 30 32 78 125 126 174 
6,1.5: 1 3 4 7 9 17 31 81 118 146 227 
7,1.4: 1 3 4 6 9 17 31 34 41 81 101 127 128 170 221 
8,1: 5 23 42 49 
9,1.3: 3 4 6 7 17 80 81 127 168 170 204 
10,0.1: 1 2 27 47 51 55 62 126 140 143 148 
11,0.2: 5 12 32 174 
12,1.2: 11 195 213 
13,0.7: 1 14 24 37 52 81 102 133 190 203 222 
14,0.9: 13 16 52 79 85 135 202 203 
15,0.4: 3 4 17 28 29 80 88 99 242 
16,1.2: 14 71 74 85 135 151 190 203 
17,0.9: 3 4 6 7 9 15 25 28 66 80 90 119 154 
18,0.3: 1 22 31 38 45 67 112 127 
19,0.2: 3 28 121 124 142 167 175 236 
20,1.3: 4 28 39 61 
21,0.4: 0 36 62 120 122 212 
22,0.9: 18 26 31 69 92 101 127 
23,0.5: 8 40 42 123 
24,1.5: 13 37 102 
25,1.3: 17 48 113 161 217 
26,1.2: 22 110 208 
27,0.1: 10 33 51 55 62 98 114 129 140 143 148 193 220 230 
28,1.1: 0 3 4 15 17 19 20 61 62 121 
29,0.1: 15 84 156 
30,0.3: 0 1 5 37 59 78 96 102 125 
31,0.9: 0 1 2 3 4 6 7 18 22 38 60 62 101 108 109 127 191 218 
32,1.4: 2 5 11 115 150 
33,0.1: 27 46 51 98 114 129 176 179 193 206 
34,1: 7 83 
35,1.4: 2 62 218 
36,1.4: 21 43 205 
37,1: 0 1 13 24 30 62 81 100 102 138 
38,0.8: 0 1 3 18 31 44 57 62 111 112 118 126 218 
39,1: 20 61 87 105 188 244 
40,1.4: 23 104 
41,0.9: 7 81 97 128 233 
42,0.6: 8 23 152 186 
43,0.2: 36 63 205 211 
44,0.3: 38 50 62 183 
45,1: 0 1 18 76 
46,0.2: 33 98 129 193 
47,1.1: 10 64 65 143 
48,1.3: 25 141 
49,0.5: 8 196 246 
50,0.8: 44 62 245 
51,0.9: 10 27 33 53 58 62 129 148 220 
52,0.2: 13 14 79 135 190 
53,0.8: 51 73 139 148 220 
54,0.6: 3 56 
55,1.4: 10 27 62 68 70 95 143 
56,1.3: 54 
57,1.3: 1 38 62 70 
58,0.5: 51 238 249 
59,0.5: 30 72 91 231 
60,1.4: 31 62 94 
61,0.3: 20 28 39 87 
62,1.1: 0 1 2 3 10 21 27 28 31 35 37 38 44 50 51 55 57 60 68 70 75 77 127 129 150 204 218 245 
63,0.7: 43 
64,0.1: 47 130 
65,1.4: 47 82 
66,0.9: 17 90 119 125 172 174 
67,0.4: 18 106 160 
68,1: 55 62 70 
69,0.8: 22 
70,0.2: 55 57 62 68 95 207 
71,0.5: 16 135 
72,0.5: 59 231 
73,0.9: 53 107 139 148 
74,0.9: 16 85 203 
75,0.5: 62 127 131 
76,0.9: 45 
77,0.9: 0 1 62 81 129 168 204 
78,1.4: 5 30 86 89 96 102 169 240 243 
79,1.2: 14 52 
80,1.3: 9 15 17 178 
81,0.5: 0 1 6 7 9 13 37 41 77 97 102 150 168 185 204 
82,0.9: 65 247 
83,0.7: 34 228 
84,0.3: 29 
85,0.2: 14 16 74 203 
86,0.1: 78 89 96 102 147 
87,0.1: 39 61 105 188 244 
88,1.3: 15 99 
89,1.4: 78 86 93 169 
90,1.4: 17 66 119 172 
91,1.3: 59 200 226 
92,0.8: 22 
93,1.4: 89 117 192 223 
94,0.6: 60 163 198 
95,1.3: 55 70 143 
96,0.8: 30 78 86 102 
97,1.4: 41 81 102 
98,0.8: 27 33 46 176 193 
99,0.9: 15 88 181 209 
100,0.9: 37 136 225 
101,1.4: 7 22 31 
102,0.4: 0 1 3 13 24 30 37 78 81 86 96 97 127 131 
103,1.5: 0 1 158 197 
104,0.2: 40 162 
105,0.9: 39 87 144 171 244 
106,1.3: 67 160 
107,1.2: 73 148 
108,0.2: 31 191 
109,1.2: 31 
110,1.1: 26 208 
111,1.4: 0 38 116 164 
112,0.4: 1 18 38 137 145 149 
113,0.8: 25 187 
114,0.1: 27 33 129 132 
115,0.5: 2 32 150 
116,0.6: 0 111 155 
117,1.4: 93 192 
118,1.1: 0 6 38 227 248 
119,1.3: 17 66 90 134 172 201 
120,1: 0 21 
121,0.6: 19 28 
122,0.5: 0 21 212 
123,1.2: 23 
124,0.2: 3 19 175 239 
125,0.8: 0 1 5 30 66 159 174 
126,0.6: 1 2 3 5 10 38 
127,0.9: 0 1 3 7 9 18 22 31 62 75 102 128 131 191 
128,1.1: 0 1 2 4 7 41 127 
129,0.2: 1 27 33 46 51 62 77 114 204 
130,0.4: 64 
131,1.3: 75 102 127 
132,0.9: 114 153 214 
133,1.2: 13 189 
134,0.4: 119 
135,0.9: 1 14 16 52 71 151 190 
136,1.1: 100 224 
137,0.5: 112 145 149 
138,1.3: 37 229 
139,0.4: 53 73 148 
140,0.8: 3 10 27 180 
141,0.8: 48 
142,0.6: 0 1 19 210 
143,0.2: 1 2 10 27 47 55 95 
144,1.1: 105 171 
145,0.6: 112 137 149 157 
146,0.6: 6 
147,0.7: 86 
148,0.2: 10 27 51 53 73 107 139 
149,0.9: 112 137 145 165 166 
150,0.6: 1 2 32 62 81 115 204 
151,0.7: 16 135 190 
152,0.3: 42 182 186 248 
153,1.4: 132 214 
154,0.2: 17 
155,1: 116 219 235 
156,1: 29 
157,0.8: 145 
158,1.4: 0 1 103 
159,1.3: 125 
160,1.5: 67 106 
161,1.5: 25 
162,0.2: 104 173 
163,0.9: 94 198 
164,0.9: 111 
165,0.9: 149 
166,0.9: 149 232 
167,0.3: 3 19 
168,1.4: 0 9 77 81 
169,0.2: 78 89 177 
170,0.7: 4 7 9 
171,1.4: 105 144 184 
172,0.2: 66 90 119 
173,1.4: 162 
174,1.2: 2 5 11 66 125 
175,0.1: 3 19 124 
176,1.2: 33 98 
177,1.1: 169 194 
178,0.8: 80 
179,1.2: 33 206 216 237 
180,0.3: 140 
181,1.4: 99 
182,1.1: 152 186 
183,0.9: 44 
184,1.1: 171 
185,0.1: 81 
186,0.1: 42 152 182 
187,0.5: 113 
188,0.6: 39 87 199 244 
189,1.3: 133 
190,0.9: 13 16 52 135 151 203 
191,1.3: 31 108 127 
192,1.2: 93 117 223 
193,1.3: 27 33 46 98 
194,0.3: 177 
195,1: 12 213 
196,0.4: 49 
197,0.8: 103 
198,1.4: 94 163 
199,0.8: 188 241 
200,0.6: 91 226 
201,1.3: 119 
202,0.1: 1 14 
203,1.2: 13 14 16 74 85 190 
204,0.7: 1 9 62 77 81 129 150 
205,1.3: 36 43 211 
206,1.1: 33 179 
207,1.1: 70 
208,0.7: 26 110 
209,0.8: 99 
210,1.3: 142 
211,1.2: 43 205 
212,0.4: 21 122 
213,0.3: 12 195 
214,0.5: 132 153 
215,1.3: 0 
216,1.1: 179 234 
217,1.5: 25 
218,0.7: 1 2 31 35 38 62 
219,0.8: 155 235 
220,1: 0 27 51 53 
221,1.2: 7 
222,0.6: 13 
223,0.5: 93 192 
224,1.4: 136 
225,1.1: 100 
226,1: 91 200 
227,1.3: 6 118 
228,0.2: 83 
229,0.6: 138 
230,1.1: 27 
231,0.2: 59 72 
232,0.6: 166 
233,0.8: 41 
234,1.4: 216 
235,0.4: 155 219 
236,0.5: 19 
237,1: 179 
238,0.7: 58 249 
239,1: 124 
240,0.3: 78 
241,1: 199 
242,1.5: 15 
243,1.3: 78 
244,0.1: 39 87 105 188 
245,0.4: 50 62 
246,0.7: 49 
247,1.2: 82 
248,0.3: 0 118 152 
249,0.3: 58 238 
