500 
0,0.9: 1 4 5 8 9 10 19 20 39 41 47 59 80 81 93 96 98 103 111 146 193 196 205 213 250 292 300 302 306 395 401 408 490 
1,1.1: 0 2 3 9 10 19 36 47 53 59 67 81 88 148 172 205 213 222 265 289 299 300 302 325 373 395 408 453 
2,0.2: 1 6 13 15 23 41 47 53 59 69 111 117 126 143 147 197 325 382 392 395 
3,1.2: 1 9 36 201 395 
4,1.3: 0 10 39 213 395 
5,0.3: 0 9 10 18 62 80 291 356 440 
6,0.1: 2 7 13 23 25 35 41 59 73 96 126 173 174 352 441 478 
7,1.1: 6 12 38 51 58 96 173 195 424 441 478 
8,1.2: 0 9 14 93 103 146 227 
9,0.4: 0 1 3 5 8 10 11 46 47 60 67 74 80 102 154 299 369 385 395 401 
10,0.7: 0 1 4 5 9 22 36 46 49 116 172 196 205 213 229 277 395 
11,1: 9 16 30 60 67 72 110 299 330 369 
12,0.5: 7 169 251 
13,0.9: 2 6 23 41 45 59 198 434 
14,1.1: 8 32 42 97 157 225 
15,1: 2 17 34 82 106 112 223 295 306 392 
16,0.2: 11 72 79 190 408 
17,0.4: 15 24 50 112 171 176 423 
18,1.3: 5 21 75 101 355 
19,0.8: 0 1 47 205 302 
20,1.2: 0 68 107 196 
21,1.1: 18 75 100 
22,0.3: 10 46 48 49 196 213 277 395 
23,0.6: 2 6 13 27 29 31 41 59 63 96 140 143 178 186 320 383 
24,0.3: 17 105 121 176 
25,0.1: 6 26 28 43 57 96 111 124 174 184 210 278 479 
26,0.9: 25 28 57 61 92 124 158 210 374 
27,0.4: 23 31 40 41 56 63 65 98 140 206 300 320 
28,0.1: 25 26 57 85 124 193 426 
29,0.9: 23 41 133 345 
30,1.1: 11 64 70 123 
31,0.7: 23 27 33 41 71 
32,0.2: 14 83 157 
33,0.3: 31 37 54 71 485 
34,0.4: 15 82 141 219 306 
35,0.7: 6 84 260 
36,1: 1 3 10 196 347 395 
37,1.3: 33 128 334 384 
38,0.4: 7 90 249 484 
39,1.4: 0 4 137 155 156 160 213 259 395 
40,0.6: 27 41 63 140 143 
41,0.2: 0 2 6 13 23 27 29 31 40 44 52 59 77 111 138 143 147 345 366 
42,1.3: 14 55 157 202 
43,1.1: 25 96 273 
44,0.8: 41 52 143 
45,1: 13 66 198 
46,0.6: 9 10 22 91 139 180 182 237 
47,0.6: 0 1 2 9 19 76 108 205 333 382 
48,0.6: 22 49 109 114 196 254 395 
49,1.1: 10 22 48 109 254 395 
50,1.1: 17 136 416 
51,0.6: 7 89 478 
52,0.9: 41 44 456 
53,0.2: 1 2 252 325 403 453 454 
54,0.1: 33 175 332 485 
55,1: 42 157 293 
56,1.2: 27 65 167 320 
57,0.8: 25 26 28 78 92 96 113 124 150 187 210 242 289 374 438 
58,1.5: 7 87 94 214 265 424 443 
59,1.4: 0 1 2 6 13 23 41 147 478 
60,0.6: 9 11 99 120 125 130 299 467 
61,1.2: 26 92 96 153 172 286 337 
62,0.3: 5 
63,0.3: 23 27 40 140 206 360 
64,0.2: 30 70 
65,0.7: 27 56 206 296 320 
66,0.7: 45 191 198 241 276 491 
67,0.3: 1 9 11 154 299 
68,0.6: 20 129 
69,1.2: 2 163 389 
70,0.2: 30 64 86 
71,1.2: 31 33 194 307 313 407 433 
72,0.6: 11 16 
73,1.1: 6 104 344 352 441 
74,0.5: 9 102 294 299 369 373 
75,0.1: 18 21 95 224 
76,0.6: 47 108 215 
77,0.9: 41 111 148 244 
78,0.2: 57 187 210 218 317 374 
79,0.7: 16 211 257 451 
80,0.9: 0 5 9 159 165 181 275 401 
81,1.2: 0 1 148 221 395 408 
82,1.4: 15 34 118 219 222 226 306 
83,1: 32 122 
84,0.8: 35 231 
85,0.3: 28 115 400 
86,1.1: 70 131 166 462 
87,0.2: 58 
88,0.2: 1 205 
89,0.3: 51 208 217 497 
90,1.4: 38 192 
91,0.7: 46 139 151 180 365 473 
92,1: 26 57 61 96 174 188 289 
93,0.1: 0 8 103 132 144 
94,0.3: 58 214 310 338 468 
95,1.2: 75 
96,0.6: 0 6 7 23 25 43 57 61 92 174 187 188 240 
97,1.1: 14 142 145 266 297 
98,0.7: 0 27 149 196 300 309 410 
99,1.3: 60 
100,1.5: 21 212 
101,0.5: 18 255 355 364 
102,0.5: 9 74 299 
103,0.6: 0 8 93 119 144 146 270 
104,1.5: 73 261 441 
105,0.1: 24 152 
106,0.6: 15 324 
107,0.4: 20 264 
108,1.4: 47 76 247 
109,0.5: 48 49 134 189 254 304 395 
110,1: 11 274 303 368 
111,1.3: 0 2 25 41 77 135 147 148 244 387 
112,0.3: 15 17 458 
113,0.4: 57 187 317 
114,0.9: 48 164 254 437 
115,0.9: 85 488 
116,0.2: 10 235 323 395 
117,1.2: 2 281 382 413 
118,0.2: 82 219 
119,0.3: 103 144 207 270 353 
120,0.5: 60 161 
121,0.9: 24 475 
122,0.2: 83 422 
123,1.3: 30 308 
124,1.2: 25 26 28 57 150 242 472 
125,0.3: 60 245 
126,0.4: 2 6 127 490 
127,0.9: 126 162 243 279 432 490 494 
128,1: 37 170 334 
129,0.6: 68 
130,0.4: 60 216 233 
131,0.1: 86 269 462 
132,1: 93 379 
133,0.2: 29 345 
134,0.8: 109 189 304 395 
135,0.8: 111 147 
136,1.3: 50 
137,0.9: 39 155 
138,0.3: 41 179 203 248 
139,1: 46 91 365 398 473 
140,1.2: 23 27 40 63 168 
141,0.7: 34 341 461 
142,1: 97 
143,0.4: 2 23 40 41 44 404 452 
144,0.6: 93 103 119 207 353 
145,0.6: 97 297 
146,1.1: 0 8 103 200 227 
147,0.9: 2 41 59 111 135 331 478 
148,0.4: 1 77 81 111 238 244 301 408 
149,0.2: 98 399 
150,0.3: 57 124 242 
151,0.6: 91 
152,0.2: 105 256 
153,1: 61 172 
154,0.7: 9 67 299 448 483 
155,0.3: 39 137 284 348 372 
156,0.7: 39 160 209 259 326 
157,0.3: 14 32 42 55 177 
158,0.2: 26 210 
159,0.4: 80 181 
160,1.4: 39 156 259 
161,0.7: 120 288 
162,0.4: 127 243 272 490 
163,0.4: 69 
164,1.1: 114 437 463 
165,0.7: 80 199 246 
166,0.5: 86 236 462 
167,0.6: 56 262 
168,0.4: 140 354 
169,0.3: 12 336 411 
170,0.4: 128 334 
171,1.3: 17 183 232 350 
172,0.2: 1 10 61 153 196 314 325 
173,1.3: 6 7 
174,1.3: 6 25 92 96 253 357 
175,1.3: 54 332 485 
176,1: 17 24 343 423 
177,1.4: 157 351 
178,0.8: 23 186 
179,0.7: 138 495 
180,1: 46 91 311 365 457 
181,1.1: 80 159 
182,0.9: 46 185 237 319 
183,1: 171 
184,1.1: 25 278 
185,0.3: 182 298 319 
186,0.6: 23 178 
187,0.8: 57 78 96 113 210 240 317 349 396 
188,0.2: 92 96 240 
189,0.4: 109 134 254 499 
190,0.3: 16 
191,0.5: 66 204 241 290 346 430 464 
192,1.3: 90 220 228 
193,1.1: 0 28 
194,0.6: 71 381 407 
195,1.4: 7 
196,0.9: 0 10 20 22 36 48 98 172 254 271 
197,0.4: 2 263 469 
198,1.4: 13 45 66 434 491 
199,1.2: 165 
200,0.3: 146 489 
201,1.2: 3 282 395 
202,1.3: 42 
203,0.2: 138 
204,1: 191 268 290 419 
205,0.8: 0 1 10 19 47 88 
206,1.4: 27 63 65 315 320 
207,0.3: 119 144 353 
208,0.2: 89 217 
209,0.6: 156 439 
210,0.7: 25 26 57 78 158 187 374 496 
211,1.3: 79 363 
212,0.4: 100 
213,0.7: 0 1 4 10 22 39 329 
214,0.2: 58 94 
215,1.4: 76 
216,1: 130 233 
217,0.3: 89 208 
218,1.3: 78 230 386 447 
219,1: 34 82 118 312 362 
220,1.3: 192 
221,0.6: 81 
222,0.4: 1 82 453 
223,0.1: 15 239 258 392 
224,0.6: 75 234 
225,0.3: 14 
226,0.9: 82 
227,1: 8 146 
228,0.7: 192 
229,0.4: 10 395 
230,0.3: 218 397 444 
231,1: 84 
232,0.7: 171 
233,0.8: 130 216 
234,1.5: 224 
235,0.2: 116 395 
236,1.2: 166 285 462 
237,1.2: 46 182 319 
238,0.8: 148 408 
239,1.2: 223 258 367 429 
240,0.7: 96 187 188 318 349 
241,0.3: 66 191 
242,1.1: 57 124 150 
243,0.4: 127 162 490 
244,0.3: 77 111 148 301 408 470 493 
245,0.1: 125 
246,0.1: 165 
247,0.4: 108 
248,0.8: 138 
249,0.5: 38 
250,0.4: 0 
251,0.7: 12 342 
252,1: 53 
253,0.5: 174 
254,0.4: 48 49 109 114 189 196 
255,0.9: 101 355 390 449 
256,0.3: 152 
257,0.1: 79 305 
258,0.3: 223 239 367 
259,0.8: 39 156 160 267 
260,0.6: 35 446 
261,0.3: 104 
262,0.9: 167 340 
263,0.7: 197 469 
264,0.4: 107 
265,0.1: 1 58 361 
266,0.9: 97 
267,0.5: 259 420 
268,0.3: 204 
269,0.3: 131 482 
270,0.4: 103 119 376 
271,0.9: 196 280 
272,0.6: 162 
273,0.8: 43 
274,0.7: 110 283 287 303 368 465 
275,0.2: 80 
276,0.8: 66 322 
277,0.7: 10 22 436 
278,0.2: 25 184 409 421 
279,0.4: 127 358 471 490 494 
280,1: 271 
281,0.9: 117 382 413 
282,1.2: 201 
283,1.3: 274 328 368 377 
284,0.6: 155 348 
285,0.5: 236 
286,0.9: 61 
287,1.1: 274 303 
288,1.4: 161 477 
289,0.9: 1 57 92 438 487 
290,0.4: 191 204 327 
291,1: 5 356 371 
292,1.2: 0 
293,0.2: 55 359 
294,0.9: 74 299 369 
295,0.6: 15 
296,0.2: 65 
297,0.3: 97 145 417 
298,0.5: 185 319 321 
299,1.5: 1 9 11 60 67 74 102 154 294 339 369 
300,1: 0 1 27 98 405 
301,0.3: 148 244 408 
302,0.5: 0 1 19 393 
303,0.1: 110 274 287 335 368 
304,0.2: 109 134 
305,1: 257 
306,0.3: 0 15 34 82 
307,0.6: 71 
308,0.8: 123 
309,0.8: 98 
310,0.2: 94 428 468 
311,1.3: 180 365 
312,1.1: 219 
313,1: 71 375 
314,1.5: 172 316 
315,1.1: 206 
316,0.9: 314 
317,1.1: 78 113 187 380 396 
318,0.4: 240 349 
319,0.2: 182 185 237 298 
320,1.5: 23 27 56 65 206 391 402 
321,0.5: 298 
322,1.2: 276 
323,1.2: 116 395 
324,0.6: 106 
325,0.6: 1 2 53 172 453 
326,0.7: 156 
327,1.4: 290 
328,0.4: 283 377 
329,0.6: 213 
330,0.4: 11 
331,0.7: 147 478 
332,0.5: 54 175 485 
333,0.6: 47 382 
334,0.9: 37 128 170 
335,0.5: 303 
336,1.1: 169 388 
337,1: 61 466 
338,0.5: 94 418 468 
339,1.1: 299 
340,0.5: 262 
341,0.8: 141 461 
342,0.2: 251 
343,1.5: 176 
344,0.2: 73 
345,0.9: 29 41 133 442 
346,0.3: 191 
347,0.5: 36 
348,1.1: 155 284 
349,0.5: 187 240 318 
350,1.5: 171 
351,1: 177 
352,0.3: 6 73 441 
353,0.6: 119 144 207 
354,0.2: 168 
355,1.3: 18 101 255 
356,0.6: 5 291 371 492 
357,1.3: 174 
358,0.3: 279 471 486 
359,1.1: 293 370 
360,0.5: 63 
361,0.7: 265 
362,0.4: 219 
363,0.9: 211 
364,1: 101 
365,1.1: 91 139 180 311 406 
366,1.1: 41 
367,1.5: 239 258 415 429 
368,0.4: 110 274 283 303 435 
369,0.8: 9 11 74 294 299 
370,0.1: 359 
371,1.4: 291 356 
372,0.7: 155 
373,0.3: 1 74 378 
374,0.6: 26 57 78 210 
375,1.1: 313 
376,0.4: 270 
377,0.9: 283 328 427 
378,0.6: 373 
379,0.3: 132 
380,1.4: 317 396 425 
381,0.1: 194 
382,1.4: 2 47 117 281 333 
383,1.1: 23 
384,0.3: 37 
385,0.3: 9 480 
386,0.3: 218 
387,1.5: 111 
388,1.3: 336 
389,0.2: 69 
390,1.2: 255 498 
391,0.8: 320 394 
392,0.5: 2 15 223 
393,0.5: 302 
394,0.2: 391 
395,0.8: 0 1 2 3 4 9 10 22 36 39 48 49 81 109 116 134 201 229 235 323 
396,0.4: 187 317 380 425 
397,1.5: 230 
398,0.8: 139 473 
399,0.8: 149 
400,0.3: 85 
401,1.3: 0 9 80 481 
402,0.8: 320 412 
403,1.2: 53 
404,1.2: 143 452 455 
405,1.2: 300 414 
406,0.9: 365 
407,1.1: 71 194 
408,0.9: 0 1 16 81 148 238 244 301 
409,0.9: 278 
410,0.7: 98 
411,0.2: 169 
412,0.9: 402 460 
413,0.8: 117 281 474 
414,1.1: 405 
415,1.4: 367 429 
416,1.1: 50 431 
417,0.5: 297 
418,0.9: 338 
419,0.4: 204 
420,0.8: 267 445 
421,1.1: 278 
422,0.3: 122 
423,0.9: 17 176 
424,1.1: 7 58 
425,0.9: 380 396 
426,1: 28 450 
427,0.8: 377 
428,0.8: 310 
429,0.3: 239 367 415 
430,0.9: 191 
431,0.1: 416 
432,0.8: 127 
433,1.1: 71 
434,0.8: 13 198 
435,1.3: 368 
436,0.5: 277 
437,1.5: 114 164 
438,1: 57 289 
439,1: 209 
440,0.5: 5 
441,1.4: 6 7 73 104 352 
442,1.5: 345 476 
443,0.7: 58 
444,1.5: 230 
445,0.5: 420 
446,0.7: 260 
447,1.1: 218 459 
448,1.1: 154 
449,1.1: 255 
450,0.1: 426 
451,0.6: 79 
452,0.5: 143 404 
453,0.4: 1 53 222 325 
454,0.8: 53 
455,1: 404 
456,0.9: 52 
457,1: 180 
458,1.1: 112 
459,0.8: 447 
460,0.8: 412 
461,0.8: 141 341 
462,0.5: 86 131 166 236 
463,1.1: 164 
464,1.5: 191 
465,0.7: 274 
466,0.7: 337 
467,0.8: 60 
468,0.9: 94 310 338 
469,1.2: 197 263 
470,0.7: 244 493 
471,0.7: 279 358 
472,0.6: 124 
473,1.5: 91 139 398 
474,0.1: 413 
475,1.3: 121 
476,0.3: 442 
477,1.5: 288 
478,0.6: 6 7 51 59 147 331 
479,0.6: 25 
480,1: 385 
481,0.2: 401 
482,0.4: 269 
483,0.6: 154 
484,0.1: 38 
485,1.1: 33 54 175 332 
486,1.4: 358 
487,1.4: 289 
488,0.7: 115 
489,1.3: 200 
490,1.4: 0 126 127 162 243 279 494 
491,1: 66 198 
492,0.5: 356 
493,1.5: 244 470 
494,0.2: 127 279 490 
495,1.3: 179 
496,1.2: 210 
497,1.2: 89 
498,0.5: 390 
499,0.1: 189 
