379 
0,1.5: 1 2 3 4 15 43 112 130 249 258 
1,0.2: 0 2 
2,0.9: 0 1 
3,0.5: 0 4 12 13 14 15 43 44 45 46 60 125 126 127 145 151 152 153 163 164 165 175 176 248 249 273 312 313 322 323 329 370 372 373 
4,0.3: 0 3 14 15 43 44 45 46 175 176 198 200 201 203 230 234 235 236 237 248 249 253 297 312 313 372 373 
5,0.2: 6 7 
6,0.9: 5 7 189 190 191 192 
7,1.2: 5 6 25 61 62 63 64 136 188 341 342 343 
8,0.9: 9 10 11 
9,1: 8 10 11 66 67 68 
10,0.4: 8 9 11 
11,0.8: 8 9 10 
12,0.5: 3 13 14 15 16 17 18 19 273 
13,0.2: 3 12 14 15 
14,0.7: 3 4 12 13 15 44 45 46 175 176 277 278 333 365 366 367 
15,0.2: 0 3 4 12 13 14 44 45 46 152 153 175 176 248 249 312 313 322 323 370 372 
16,0.3: 12 17 28 57 171 200 257 260 364 
17,1.4: 12 16 57 171 200 257 260 364 
18,0.5: 12 19 207 
19,1.5: 12 18 
20,1.4: 21 22 23 32 108 219 220 231 232 267 286 287 
21,1.1: 20 22 23 
22,1.3: 20 21 23 49 50 51 53 54 219 226 227 
23,0.6: 20 21 22 78 139 219 228 231 232 267 
24,0.1: 25 26 27 
25,0.3: 7 24 26 27 39 94 103 104 105 106 107 123 124 154 196 197 230 233 250 272 294 295 296 305 314 315 316 
26,0.4: 24 25 27 
27,0.6: 24 25 26 
28,0.7: 16 
29,1: 30 31 32 33 34 35 50 75 218 
30,0.7: 29 31 32 33 
31,1: 29 30 32 33 34 35 50 75 215 216 217 218 306 368 369 
32,0.9: 20 29 30 31 33 34 35 108 218 219 220 
33,0.5: 29 30 31 32 
34,1.1: 29 31 32 35 218 
35,0.9: 29 31 32 34 
36,1.1: 37 
37,1.1: 36 303 304 
38,0.8: 39 
39,1.3: 25 38 172 173 174 238 239 281 325 
40,1.4: 41 42 240 241 242 243 
41,1: 40 42 51 169 240 241 242 243 274 275 276 363 
42,0.6: 40 41 274 275 276 
43,1.3: 0 3 4 65 
44,0.8: 3 4 14 15 45 46 175 176 322 323 
45,0.4: 3 4 14 15 44 46 175 176 
46,1.1: 3 4 14 15 44 45 175 176 
47,0.3: 48 
48,1.1: 47 66 73 180 181 182 225 
49,0.8: 22 50 51 52 
50,1.4: 22 29 31 49 51 75 94 99 159 168 169 306 307 321 336 
51,1.4: 22 41 49 50 75 99 115 116 168 169 265 266 290 363 
52,0.3: 49 169 
53,1.3: 22 54 
54,0.5: 22 53 
55,1.3: 56 99 109 193 194 
56,1.4: 55 
57,1.5: 16 17 58 59 
58,0.9: 57 59 
59,0.8: 57 58 303 356 357 358 
60,0.3: 3 163 164 165 
61,0.9: 7 62 63 64 
62,1.3: 7 61 63 
63,1.1: 7 61 62 
64,1.5: 7 61 263 264 298 299 300 301 344 345 
65,0.9: 43 99 100 101 109 110 
66,0.3: 9 48 67 68 69 70 71 72 73 74 79 80 120 121 122 168 247 284 362 
67,0.8: 9 66 68 79 80 
68,0.5: 9 66 67 69 70 74 79 80 284 
69,1.4: 66 68 70 71 72 74 118 149 213 302 327 328 347 348 349 350 377 378 
70,0.9: 66 68 69 71 72 74 
71,0.4: 66 69 70 72 118 302 
72,1: 66 69 70 71 149 
73,0.8: 48 66 
74,1.2: 66 68 69 70 284 
75,0.9: 29 31 50 51 168 169 
76,0.9: 77 78 
77,1: 76 78 
78,0.3: 23 76 77 
79,0.3: 66 67 68 80 
80,0.2: 66 67 68 79 120 121 122 
81,0.3: 82 83 84 85 86 87 88 
82,1.4: 81 83 84 85 86 87 88 261 262 
83,0.3: 81 82 84 85 86 87 88 
84,1.1: 81 82 83 85 86 87 88 105 259 261 262 
85,0.5: 81 82 83 84 86 87 88 105 259 261 262 
86,1.4: 81 82 83 84 85 87 88 
87,0.6: 81 82 83 84 85 86 88 105 259 261 262 
88,1.2: 81 82 83 84 85 86 87 
89,0.8: 90 91 
90,1.2: 89 91 129 130 131 132 133 187 
91,0.8: 89 90 129 130 131 132 133 187 
92,1.5: 93 94 95 96 97 98 
93,1.4: 92 94 95 96 97 98 
94,1.5: 25 50 92 93 95 96 97 98 177 178 179 285 307 336 337 338 361 
95,1: 92 93 94 96 97 98 140 
96,0.2: 92 93 94 95 97 98 177 361 
97,1.4: 92 93 94 95 96 98 
98,0.3: 92 93 94 95 96 97 
99,0.1: 50 51 55 65 100 101 102 109 110 144 193 194 
100,0.2: 65 99 101 102 310 
101,0.4: 65 99 100 158 279 359 360 
102,1.2: 99 100 
103,1.1: 25 104 105 106 107 
104,1.3: 25 103 105 106 
105,1.3: 25 84 85 87 103 104 106 184 259 
106,0.9: 25 103 104 105 107 282 283 371 
107,1.1: 25 103 106 124 154 155 157 
108,1.1: 20 32 
109,0.1: 55 65 99 110 193 194 
110,0.6: 65 99 109 
111,1.1: 112 113 114 
112,1.1: 0 111 113 114 130 134 135 188 258 311 351 352 353 354 355 
113,1.3: 111 112 114 130 134 311 
114,0.2: 111 112 113 171 346 
115,1.2: 51 116 317 318 319 320 
116,1.4: 51 115 
117,0.7: 118 119 208 
118,0.5: 69 71 117 119 213 302 347 348 349 350 
119,0.9: 117 118 
120,1: 66 80 121 122 
121,1: 66 80 120 122 168 247 
122,0.1: 66 80 120 121 
123,0.3: 25 124 
124,0.3: 25 107 123 233 254 255 
125,0.3: 3 126 127 128 326 329 
126,0.5: 3 125 127 128 326 329 
127,0.3: 3 125 126 128 326 329 339 340 
128,1.3: 125 126 127 
129,1.5: 90 91 130 131 132 133 
130,1: 0 90 91 112 113 129 131 132 133 134 135 258 
131,0.6: 90 91 129 130 132 133 187 
132,0.5: 90 91 129 130 131 133 
133,0.5: 90 91 129 130 131 132 
134,1.2: 112 113 130 188 351 352 353 354 355 
135,1.1: 112 130 
136,1.5: 7 137 341 342 
137,1.3: 136 
138,1.3: 139 
139,0.9: 23 138 205 206 228 229 
140,0.4: 95 
141,0.4: 142 143 144 
142,1: 141 143 144 
143,1.2: 141 142 144 
144,1: 99 141 142 143 193 
145,1.4: 3 146 147 
146,1.5: 145 147 
147,1.3: 145 146 
148,1.1: 149 150 269 292 
149,1.3: 69 72 148 150 269 270 292 293 
150,1.4: 148 149 
151,1.1: 3 
152,1.1: 3 15 153 
153,0.5: 3 15 152 
154,1.5: 25 107 155 156 157 
155,1.1: 107 154 
156,0.9: 154 
157,1.4: 107 154 
158,0.6: 101 
159,0.5: 50 160 161 162 321 
160,0.5: 159 161 
161,1.2: 159 160 162 
162,0.8: 159 161 
163,0.2: 3 60 164 165 
164,1: 3 60 163 165 
165,0.5: 3 60 163 164 
166,0.9: 167 168 169 
167,0.6: 166 168 169 204 
168,0.5: 50 51 66 75 121 166 167 169 204 247 288 289 290 291 
169,0.4: 41 50 51 52 75 166 167 168 265 266 335 363 
170,0.4: 171 
171,1: 16 17 114 170 324 346 
172,1.3: 39 173 174 
173,1.4: 39 172 174 
174,0.9: 39 172 173 281 
175,0.7: 3 4 14 15 44 45 46 176 
176,0.2: 3 4 14 15 44 45 46 175 
177,0.5: 94 96 178 179 
178,1.2: 94 177 
179,0.7: 94 177 
180,0.6: 48 181 182 
181,0.5: 48 180 182 
182,0.2: 48 180 181 225 
183,1.4: 184 185 186 308 309 
184,1: 105 183 185 186 308 309 
185,0.2: 183 184 186 308 309 
186,0.6: 183 184 185 
187,1.4: 90 91 131 
188,0.5: 7 112 134 
189,1.2: 6 190 191 192 
190,0.4: 6 189 
191,1.3: 6 189 192 
192,1.3: 6 189 191 
193,0.2: 55 99 109 144 194 195 
194,0.6: 55 99 109 193 
195,0.4: 193 
196,0.4: 25 
197,1: 25 250 
198,0.3: 4 199 200 201 202 203 257 
199,0.4: 198 200 201 
200,1.2: 4 16 17 198 199 201 202 203 244 251 252 253 257 297 
201,1.1: 4 198 199 200 202 203 257 
202,0.3: 198 200 201 
203,0.4: 4 198 200 201 244 297 
204,1.4: 167 168 
205,1.3: 139 206 
206,1.2: 139 205 374 375 376 
207,0.4: 18 
208,1: 117 
209,1.2: 210 211 212 213 214 
210,0.3: 209 211 212 213 214 
211,0.9: 209 210 212 213 214 221 222 223 224 
212,0.6: 209 210 211 213 214 
213,0.3: 69 118 209 210 211 212 214 302 347 348 349 350 
214,0.7: 209 210 211 212 213 
215,0.9: 31 216 217 
216,1: 31 215 217 
217,0.4: 31 215 216 
218,1: 29 31 32 34 
219,0.5: 20 22 23 32 220 
220,0.2: 20 32 219 
221,0.8: 211 222 223 224 
222,1.1: 211 221 223 224 
223,1.4: 211 221 222 224 
224,0.4: 211 221 222 223 
225,1.1: 48 182 
226,0.7: 22 227 
227,1.1: 22 226 
228,0.3: 23 139 
229,0.8: 139 
230,0.6: 4 25 231 232 233 234 235 236 237 238 239 245 256 296 
231,0.4: 20 23 230 232 267 
232,0.4: 20 23 230 231 267 
233,0.7: 25 124 230 
234,1.4: 4 230 
235,0.8: 4 230 236 237 238 239 244 245 246 256 
236,1.2: 4 230 235 237 
237,0.7: 4 230 235 236 
238,0.7: 39 230 235 239 245 256 325 
239,0.5: 39 230 235 238 245 256 325 
240,0.8: 40 41 241 242 243 
241,1: 40 41 240 242 243 
242,1.3: 40 41 240 241 243 
243,1.5: 40 41 240 241 242 
244,0.7: 200 203 235 245 246 297 
245,0.4: 230 235 238 239 244 246 256 
246,0.9: 235 244 245 
247,0.5: 66 121 168 
248,1.2: 3 4 15 
249,0.6: 0 3 4 15 312 313 
250,1.2: 25 197 
251,1.2: 200 252 
252,0.5: 200 251 
253,1.5: 4 200 
254,1.1: 124 255 
255,1.3: 124 254 
256,0.9: 230 235 238 239 245 
257,0.7: 16 17 198 200 201 
258,0.2: 0 112 130 
259,0.8: 84 85 87 105 
260,0.2: 16 17 
261,0.6: 82 84 85 87 262 
262,0.4: 82 84 85 87 261 
263,0.2: 64 264 
264,0.4: 64 263 298 299 300 301 
265,1.3: 51 169 266 
266,0.5: 51 169 265 
267,0.9: 20 23 231 232 
268,0.8: 269 270 271 
269,1: 148 149 268 270 271 292 293 
270,0.7: 149 268 269 293 
271,0.8: 268 269 
272,0.5: 25 
273,0.9: 3 12 
274,0.1: 41 42 275 276 
275,0.4: 41 42 274 276 
276,0.7: 41 42 274 275 
277,0.8: 14 278 
278,0.7: 14 277 
279,0.6: 101 280 359 360 
280,0.5: 279 
281,1.1: 39 174 
282,0.8: 106 283 
283,0.8: 106 282 
284,1: 66 68 74 
285,1.1: 94 
286,0.8: 20 287 
287,1.5: 20 286 
288,0.9: 168 289 
289,1.3: 168 288 290 291 
290,0.7: 51 168 289 
291,1.2: 168 289 
292,0.6: 148 149 269 
293,0.1: 149 269 270 
294,0.3: 25 295 
295,0.9: 25 294 
296,1.3: 25 230 
297,1.5: 4 200 203 244 
298,0.7: 64 264 299 300 301 
299,0.2: 64 264 298 300 
300,0.9: 64 264 298 299 
301,1: 64 264 298 
302,0.9: 69 71 118 213 327 328 347 348 349 350 377 378 
303,1: 37 59 304 356 357 358 
304,0.6: 37 303 
305,0.2: 25 
306,0.8: 31 50 
307,0.5: 50 94 336 
308,1.4: 183 184 185 309 
309,0.5: 183 184 185 308 
310,0.4: 100 
311,1.4: 112 113 
312,0.5: 3 4 15 249 313 
313,0.6: 3 4 15 249 312 
314,1.3: 25 315 316 
315,0.7: 25 314 316 
316,1.5: 25 314 315 
317,0.8: 115 318 319 320 
318,0.2: 115 317 319 320 
319,1.4: 115 317 318 320 
320,0.7: 115 317 318 319 
321,0.7: 50 159 
322,0.1: 3 15 44 323 
323,0.8: 3 15 44 322 
324,0.2: 171 
325,0.3: 39 238 239 
326,0.5: 125 126 127 
327,0.4: 69 302 328 
328,0.2: 69 302 327 
329,0.3: 3 125 126 127 
330,0.7: 331 332 333 334 
331,1: 330 332 333 334 
332,0.8: 330 331 333 334 
333,1.1: 14 330 331 332 334 365 366 367 
334,1.5: 330 331 332 333 
335,0.8: 169 
336,0.7: 50 94 307 
337,0.4: 94 338 
338,0.6: 94 337 
339,0.7: 127 340 
340,1.1: 127 339 
341,0.9: 7 136 342 
342,1.3: 7 136 341 
343,0.6: 7 
344,0.7: 64 345 
345,0.4: 64 344 
346,0.8: 114 171 
347,0.4: 69 118 213 302 348 349 350 
348,0.6: 69 118 213 302 347 349 350 
349,0.4: 69 118 213 302 347 348 350 
350,1.1: 69 118 213 302 347 348 349 
351,0.7: 112 134 352 353 354 355 
352,0.6: 112 134 351 353 354 355 
353,1: 112 134 351 352 354 355 
354,1: 112 134 351 352 353 355 
355,1.4: 112 134 351 352 353 354 
356,0.6: 59 303 357 358 
357,1.1: 59 303 356 358 
358,0.6: 59 303 356 357 
359,1.5: 101 279 360 
360,0.9: 101 279 359 
361,1.3: 94 96 
362,1.3: 66 
363,1.5: 41 51 169 
364,0.9: 16 17 
365,0.1: 14 333 366 367 
366,0.4: 14 333 365 367 
367,1.4: 14 333 365 366 
368,1.1: 31 369 
369,0.7: 31 368 
370,0.3: 3 15 
371,0.6: 106 
372,1: 3 4 15 373 
373,0.5: 3 4 372 
374,1.4: 206 375 376 
375,0.9: 206 374 376 
376,0.3: 206 374 375 
377,0.8: 69 302 378 
378,0.3: 69 302 377 
