1500 
0,1: 1 2 3 1497 1498 1499 
1,1.3: 0 2 3 4 793 1016 1498 1499 
2,0.2: 0 1 3 5 348 1499 
3,1: 0 1 2 4 5 6 
4,0.7: 1 3 5 6 7 489 
5,0.3: 2 3 4 6 7 8 
6,1.1: 3 4 5 7 8 9 
7,0.1: 4 5 6 8 9 10 
8,1.1: 5 6 7 9 10 11 
9,0.8: 6 7 8 10 11 12 1423 
10,1.4: 7 8 9 11 12 13 
11,0.8: 8 9 10 12 13 14 201 
12,0.3: 9 10 11 13 14 15 
13,0.1: 10 11 12 14 15 16 
14,1.3: 11 12 13 15 16 17 
15,0.7: 12 13 14 16 17 18 
16,0.1: 13 14 15 17 18 19 
17,0.4: 14 15 16 18 20 
18,0.8: 15 16 17 19 20 21 
19,0.3: 16 18 20 21 22 526 
20,1.5: 17 18 19 21 22 23 1174 
21,0.4: 18 19 20 22 23 24 
22,0.6: 19 20 21 23 24 25 
23,0.1: 20 21 22 25 228 1427 
24,1.4: 21 22 25 26 27 
25,1.5: 22 23 24 26 27 28 213 
26,1: 24 25 27 28 29 986 
27,0.8: 24 25 26 28 29 30 
28,0.5: 25 26 27 29 30 31 
29,0.2: 26 27 28 30 31 32 
30,0.1: 27 28 29 31 32 33 
31,0.2: 28 29 30 32 33 34 824 
32,1.5: 29 30 31 33 34 35 
33,0.6: 30 31 32 34 35 36 612 
34,1.1: 31 32 33 35 36 37 765 
35,0.8: 32 33 34 36 37 38 
36,0.1: 33 34 35 37 38 39 
37,1.3: 34 35 36 38 39 40 
38,0.2: 35 36 37 39 957 1219 
39,1.2: 36 37 38 40 41 42 
40,0.6: 37 39 41 42 43 720 
41,1.3: 39 40 42 43 44 225 
42,1.4: 39 40 41 43 44 1227 
43,0.3: 40 41 42 44 45 46 
44,1.2: 41 42 43 45 47 122 
45,1.4: 43 44 46 48 
46,0.5: 43 45 47 48 49 
47,0.1: 44 46 48 49 50 950 
48,0.5: 45 46 47 49 50 51 
49,1.4: 46 47 48 50 51 52 
50,0.8: 47 48 49 51 52 53 
51,1.1: 48 49 50 52 53 54 
52,1.1: 49 50 51 54 55 415 
53,1.3: 50 51 54 55 56 
54,0.8: 51 52 53 55 56 57 
55,0.6: 52 53 54 56 57 58 
56,0.8: 53 54 55 57 58 59 
57,0.1: 54 55 56 58 60 1376 
58,0.6: 55 56 57 59 60 61 
59,1.2: 56 58 60 61 62 
60,0.6: 57 58 59 61 63 1067 
61,1.1: 58 59 60 62 63 64 
62,0.6: 59 61 63 64 65 1171 
63,0.7: 60 61 62 64 65 66 1027 
64,1.5: 61 62 63 65 66 67 
65,0.7: 62 63 64 66 67 68 
66,1.4: 63 64 65 67 68 69 
67,0.5: 64 65 66 68 69 70 1209 
68,1.4: 65 66 67 69 70 71 
69,0.3: 66 67 68 70 71 72 
70,0.3: 67 68 69 71 72 73 
71,0.3: 68 69 70 72 73 74 
72,0.6: 69 70 71 73 74 75 
73,0.3: 70 71 72 74 75 76 
74,0.8: 71 72 73 75 76 77 521 
75,0.7: 72 73 74 76 77 78 
76,1.1: 73 74 75 77 78 79 
77,0.7: 74 75 76 78 79 80 
78,1.2: 75 76 77 79 80 81 1215 
79,0.2: 76 77 78 80 81 82 
80,1.3: 77 78 79 81 82 83 
81,0.8: 78 79 80 82 83 84 
82,1.1: 79 80 81 83 84 85 
83,1.1: 80 81 82 84 85 86 
84,1.3: 81 82 83 85 86 87 
85,1: 82 83 84 86 87 88 
86,1: 83 84 85 87 88 
87,0.3: 84 85 86 88 89 90 
88,0.3: 85 86 87 89 90 91 
89,0.7: 87 88 90 91 92 339 
90,0.7: 87 88 89 91 92 93 
91,0.4: 88 89 90 92 93 94 
92,0.3: 89 90 91 94 95 1214 
93,0.5: 90 91 94 95 96 
94,1.2: 91 92 93 95 96 97 
95,0.2: 92 93 94 96 97 98 
96,1.1: 93 94 95 97 98 99 
97,0.5: 94 95 96 98 99 100 
98,1.4: 95 96 97 99 100 101 
99,0.4: 96 97 98 100 101 290 829 
100,0.5: 97 98 99 101 102 103 
101,0.7: 98 99 100 102 103 104 1224 
102,0.4: 100 101 103 104 105 464 
103,0.3: 100 101 102 104 106 
104,0.5: 101 102 103 105 106 107 
105,1: 102 104 106 107 108 1163 1277 
106,0.3: 103 104 105 107 108 109 
107,1: 104 105 106 108 109 110 1117 
108,0.4: 105 106 107 109 110 111 983 
109,1: 106 107 108 110 111 112 
110,0.3: 107 108 109 111 112 113 
111,0.2: 108 109 110 112 113 114 
112,0.3: 109 110 111 113 114 115 
113,0.6: 110 111 112 114 115 116 
114,0.6: 111 112 113 115 117 637 1368 
115,1.3: 112 113 114 116 117 118 
116,0.3: 113 115 117 118 119 
117,0.6: 114 115 116 119 120 
118,0.6: 115 116 119 120 121 323 
119,0.4: 116 117 118 120 121 122 
120,0.7: 117 118 119 121 122 123 
121,0.2: 118 119 120 122 123 124 
122,1.3: 44 119 120 121 123 124 125 
123,0.6: 120 121 122 124 637 1199 1326 
124,0.5: 121 122 123 125 126 127 673 
125,0.5: 122 124 126 127 128 
126,1.4: 124 125 127 128 
127,0.3: 124 125 126 128 129 130 215 1306 
128,0.2: 125 126 127 129 130 131 
129,0.9: 127 128 130 131 132 950 
130,0.9: 127 128 129 131 133 443 
131,1: 128 129 130 132 133 134 
132,0.4: 129 131 134 135 427 
133,0.2: 130 131 134 135 136 
134,1.4: 131 132 133 135 136 137 
135,1.5: 132 133 134 136 137 138 
136,1.2: 133 134 135 137 138 139 268 
137,1.3: 134 135 136 138 139 140 
138,0.5: 135 136 137 139 140 141 988 
139,1.4: 136 137 138 140 141 142 
140,0.2: 137 138 139 141 142 143 
141,1.1: 138 139 140 142 143 144 
142,0.2: 139 140 141 143 144 145 
143,0.5: 140 141 142 144 145 146 
144,0.4: 141 142 143 145 146 147 
145,0.7: 142 143 144 146 147 148 
146,0.8: 143 144 145 147 148 149 
147,0.8: 144 145 146 148 149 150 
148,0.6: 145 146 147 149 150 151 
149,0.1: 146 147 148 150 151 152 
150,0.5: 147 148 149 151 152 153 
151,0.2: 148 149 150 152 153 154 
152,0.5: 149 150 151 153 154 155 
153,1.2: 150 151 152 154 155 675 1099 
154,0.7: 151 152 153 155 156 157 
155,1: 152 153 154 156 157 158 
156,1.1: 154 155 157 158 159 1017 
157,0.4: 154 155 156 159 160 
158,1.4: 155 156 159 160 161 408 1350 
159,0.8: 156 157 158 160 161 162 
160,1.5: 157 158 159 161 162 163 208 
161,0.5: 158 159 160 162 163 164 
162,0.3: 159 160 161 163 164 165 
163,0.7: 160 161 162 166 177 1001 
164,0.5: 161 162 165 166 167 
165,1.1: 162 164 166 167 168 
166,1.4: 163 164 165 168 169 
167,0.3: 164 165 168 169 170 469 
168,0.2: 165 166 167 169 170 171 
169,0.5: 166 167 168 170 171 172 
170,1.5: 167 168 169 171 172 173 528 
171,1.4: 168 169 170 172 173 174 1294 
172,1.2: 169 170 171 174 175 1253 
173,1.2: 170 171 174 175 176 763 
174,1: 171 172 173 175 177 997 1298 1442 
175,1.4: 172 173 174 176 177 178 
176,0.4: 173 175 178 179 826 
177,0.9: 163 174 175 178 179 180 948 
178,0.7: 175 176 177 179 181 1088 
179,0.6: 176 177 178 180 181 182 
180,0.6: 177 179 181 182 183 
181,0.4: 178 179 180 182 183 184 
182,0.5: 179 180 181 183 184 185 1066 
183,0.2: 180 181 182 184 185 186 
184,0.4: 181 182 183 185 186 187 
185,0.9: 182 183 184 187 188 971 
186,1.1: 183 184 187 188 189 346 
187,0.2: 184 185 186 188 189 190 385 
188,0.8: 185 186 187 189 190 191 
189,0.6: 186 187 188 191 192 1034 
190,0.9: 187 188 191 192 193 
191,1.2: 188 189 190 192 193 194 
192,0.2: 189 190 191 193 194 
193,0.3: 190 191 192 194 195 196 
194,0.9: 191 192 193 195 196 197 
195,0.1: 193 194 196 197 198 244 
196,1.2: 193 194 195 197 198 199 
197,0.7: 194 195 196 199 200 341 
198,1.1: 195 196 199 200 201 
199,0.6: 196 197 198 200 201 202 362 
200,0.4: 197 198 199 201 202 203 
201,1: 11 198 199 200 202 204 
202,1: 199 200 201 203 204 205 
203,0.9: 200 202 204 205 206 
204,1.2: 201 202 203 205 206 207 
205,0.5: 202 203 204 206 207 208 
206,1: 203 204 205 207 208 209 
207,1.3: 204 205 206 208 209 210 
208,0.4: 160 205 206 207 210 211 
209,1.4: 206 207 210 211 212 
210,0.5: 207 208 209 212 327 
211,0.5: 208 209 212 213 214 
212,1.2: 209 210 211 213 214 215 
213,1.3: 25 211 212 216 
214,1: 211 212 216 583 1270 
215,1.3: 127 212 216 217 218 637 
216,0.1: 213 214 215 217 218 219 
217,0.5: 215 216 218 219 220 
218,0.6: 215 216 217 219 220 221 
219,0.3: 216 217 218 220 221 222 
220,0.9: 217 218 219 221 222 223 
221,0.3: 218 219 220 222 223 224 
222,1.4: 219 220 221 223 224 225 663 
223,1.2: 220 221 222 224 225 226 595 
224,0.7: 221 222 223 225 226 227 
225,0.8: 41 222 223 224 226 227 228 
226,1.2: 223 224 225 227 228 229 
227,0.6: 224 225 226 228 229 230 793 1276 
228,0.6: 23 225 226 227 229 231 
229,0.5: 226 227 228 230 231 232 
230,0.9: 227 229 231 232 233 
231,0.5: 228 229 230 232 233 234 
232,0.2: 229 230 231 233 234 235 1007 
233,0.6: 230 231 232 234 235 236 922 
234,0.4: 231 232 233 235 236 237 285 
235,0.2: 232 233 234 236 237 238 
236,1.2: 233 234 235 238 239 1436 
237,0.6: 234 235 238 239 240 398 
238,0.1: 235 236 237 239 240 241 
239,0.3: 236 237 238 240 241 242 
240,0.2: 237 238 239 241 242 243 
241,0.4: 238 239 240 243 244 1160 
242,1.3: 239 240 243 244 1154 
243,1.4: 240 241 242 244 245 
244,1.3: 195 241 242 243 245 246 247 
245,0.5: 243 244 246 247 248 
246,1.2: 244 245 247 248 249 915 
247,0.4: 244 245 246 248 250 
248,0.6: 245 246 247 249 250 251 
249,0.5: 246 248 251 252 841 
250,0.4: 247 248 251 252 253 1206 
251,0.4: 248 249 250 252 253 254 
252,1.3: 249 250 251 253 254 255 
253,0.1: 250 251 252 254 255 256 
254,0.5: 251 252 253 255 256 257 
255,0.3: 252 253 254 256 257 258 
256,1.3: 253 254 255 257 258 259 
257,1: 254 255 256 258 259 903 
258,1.2: 255 256 257 259 260 261 
259,1.1: 256 257 258 261 262 1059 
260,0.2: 258 261 262 263 359 
261,1.2: 258 259 260 262 263 264 
262,0.7: 259 260 261 263 264 265 
263,0.8: 260 261 262 264 265 266 
264,0.7: 261 262 263 265 266 267 297 
265,0.4: 262 263 264 266 267 268 
266,0.7: 263 264 265 267 268 269 
267,1.1: 264 265 266 268 269 270 
268,1.5: 136 265 266 267 269 271 
269,0.5: 266 267 268 270 271 272 
270,1: 267 269 271 272 273 
271,0.7: 268 269 270 272 273 274 
272,0.9: 269 270 271 273 274 275 
273,1.4: 270 271 272 274 275 276 
274,0.4: 271 272 273 275 276 277 
275,0.3: 272 273 274 276 277 278 
276,0.1: 273 274 275 277 278 279 
277,0.6: 274 275 276 278 280 1097 
278,0.3: 275 276 277 279 280 281 
279,0.1: 276 278 280 281 282 
280,0.2: 277 278 279 281 282 283 
281,1.1: 278 279 280 282 283 284 
282,0.5: 279 280 281 283 284 285 
283,1: 280 281 282 284 285 286 
284,0.4: 281 282 283 286 287 
285,1.3: 234 282 283 286 287 288 
286,0.3: 283 284 285 287 288 289 
287,0.9: 284 285 286 288 289 290 
288,0.8: 285 286 287 289 290 291 
289,1.3: 286 287 288 290 291 292 
290,1.1: 99 287 288 289 291 292 293 
291,0.3: 288 289 290 292 293 294 
292,1.1: 289 290 291 293 294 295 
293,1.4: 290 291 292 294 295 296 
294,0.7: 291 292 293 295 296 297 
295,0.2: 292 293 294 296 1203 
296,1: 293 294 295 297 298 299 
297,0.2: 264 294 296 298 299 300 
298,0.5: 296 297 299 919 
299,0.8: 296 297 298 300 301 302 
300,1.1: 297 299 301 302 303 
301,0.8: 299 300 302 303 304 1178 
302,0.1: 299 300 301 304 305 
303,1.2: 300 301 304 305 306 794 
304,0.5: 301 302 303 305 306 307 
305,1.1: 302 303 304 306 307 308 
306,1.3: 303 304 305 307 308 309 
307,0.6: 304 305 306 309 310 
308,0.4: 305 306 309 310 311 391 
309,0.6: 306 307 308 310 311 312 
310,1: 307 308 309 311 312 313 
311,1.2: 308 309 310 312 313 314 
312,1.3: 309 310 311 313 314 315 
313,0.6: 310 311 312 314 315 316 
314,0.6: 311 312 313 315 316 317 522 
315,0.8: 312 313 314 316 317 318 
316,0.5: 313 314 315 317 318 319 532 
317,1: 314 315 316 318 319 320 
318,0.9: 315 316 317 319 320 321 
319,0.5: 316 317 318 320 321 322 
320,1.1: 317 318 319 321 322 323 
321,1.2: 318 319 320 322 323 324 
322,0.6: 319 320 321 323 324 325 
323,0.4: 118 320 321 322 324 325 326 
324,0.4: 321 322 323 325 326 327 
325,0.3: 322 323 324 326 327 328 1293 
326,0.6: 323 324 325 327 328 329 
327,0.9: 210 324 325 326 328 329 330 
328,0.6: 325 326 327 329 330 331 
329,0.9: 326 327 328 330 331 332 1232 
330,1.4: 327 328 329 331 332 333 
331,1.1: 328 329 330 332 333 334 
332,0.8: 329 330 331 333 334 335 
333,0.9: 330 331 332 334 335 336 644 
334,1: 331 332 333 335 336 810 
335,0.7: 332 333 334 336 337 338 
336,1.2: 333 334 335 337 
337,0.8: 335 336 338 339 340 
338,0.5: 335 337 339 340 341 940 
339,1.2: 89 337 338 340 341 342 477 
340,0.4: 337 338 339 341 342 343 
341,0.7: 197 338 339 340 342 343 344 618 
342,1.1: 339 340 341 343 344 345 
343,1.4: 340 341 342 344 346 
344,0.7: 341 342 343 345 346 347 986 
345,1.1: 342 344 346 347 348 1171 
346,0.9: 186 343 344 345 347 348 349 
347,0.3: 344 345 346 348 349 350 
348,0.4: 2 345 346 347 349 350 351 1210 
349,0.8: 346 347 348 350 351 352 
350,0.5: 347 348 349 351 352 353 
351,1.5: 348 349 350 352 353 354 1082 
352,0.9: 349 350 351 353 354 355 
353,0.7: 350 351 352 354 355 356 
354,1.3: 351 352 353 355 356 357 
355,1.3: 352 353 354 356 357 
356,0.7: 353 354 355 357 358 359 
357,0.9: 354 355 356 358 359 360 635 
358,1: 356 357 359 360 361 966 
359,0.6: 260 356 357 358 361 362 
360,1.2: 357 358 361 362 815 
361,0.2: 358 359 360 363 364 
362,0.2: 199 359 360 363 364 365 
363,0.6: 361 362 364 365 366 840 
364,0.6: 361 362 363 365 366 367 
365,0.1: 362 363 364 366 367 368 
366,1: 363 364 365 367 368 369 
367,1.1: 364 365 366 368 369 370 
368,0.4: 365 366 367 369 370 371 
369,1.1: 366 367 368 370 371 372 844 
370,0.7: 367 368 369 371 372 373 
371,1.1: 368 369 370 372 374 905 
372,1.1: 369 370 371 373 374 375 
373,1.2: 370 372 374 375 376 
374,0.7: 371 372 373 375 376 
375,0.3: 372 373 374 376 377 378 
376,0.3: 373 374 375 377 378 379 889 
377,0.3: 375 376 378 379 380 975 
378,1.1: 375 376 377 379 380 381 
379,1: 376 377 378 380 381 382 
380,1.2: 377 378 379 382 383 
381,0.6: 378 379 382 383 384 596 
382,0.9: 379 380 381 383 384 385 
383,1: 380 381 382 384 385 386 
384,0.9: 381 382 383 386 387 
385,1.3: 187 382 383 386 387 388 
386,1.4: 383 384 385 387 388 389 
387,0.7: 384 385 386 389 390 597 
388,0.2: 385 386 389 390 391 628 
389,0.7: 386 387 388 390 391 392 
390,0.8: 387 388 389 391 392 393 
391,0.1: 308 388 389 390 392 393 394 
392,0.6: 389 390 391 393 394 395 
393,1: 390 391 392 394 395 427 
394,0.8: 391 392 393 395 396 397 
395,0.9: 392 393 394 396 397 398 
396,1.4: 394 395 397 398 399 
397,1.1: 394 395 396 398 399 400 
398,0.3: 237 395 396 397 399 401 
399,0.3: 396 397 398 400 401 402 
400,0.6: 397 399 401 403 
401,0.9: 398 399 400 402 403 404 
402,0.7: 399 401 403 404 405 1457 
403,1.4: 400 401 402 404 405 406 
404,0.5: 401 402 403 405 406 1426 
405,0.5: 402 403 404 406 407 
406,0.7: 403 404 405 407 408 409 1285 
407,1.2: 405 406 408 763 
408,1: 158 406 407 409 410 411 
409,0.1: 406 408 410 411 412 844 
410,1.4: 408 409 411 412 413 
411,0.4: 408 409 410 413 414 1167 
412,1.4: 409 410 413 414 415 
413,0.4: 410 411 412 414 415 416 
414,0.5: 411 412 413 415 416 417 
415,0.9: 52 412 413 414 416 417 418 
416,1.4: 413 414 415 417 418 419 657 
417,0.2: 414 415 416 418 419 420 
418,0.1: 415 416 417 419 420 421 
419,1.2: 416 417 418 420 421 422 569 943 1132 
420,0.6: 417 418 419 422 423 
421,1.2: 418 419 422 423 424 1392 
422,1.5: 419 420 421 423 424 425 
423,0.8: 420 421 422 424 425 426 826 
424,0.2: 421 422 423 425 426 427 
425,0.4: 422 423 424 426 427 428 
426,0.7: 423 424 425 427 428 429 
427,1.4: 132 393 424 425 426 428 429 430 
428,1.4: 425 426 427 429 430 431 
429,0.5: 426 427 428 430 431 432 
430,1.3: 427 428 429 431 432 433 
431,0.5: 428 429 430 433 434 1257 
432,0.6: 429 430 433 434 435 
433,0.4: 430 431 432 434 435 436 
434,0.7: 431 432 433 435 436 437 491 
435,1.5: 432 433 434 436 437 438 936 
436,1.1: 433 434 435 437 438 439 
437,1.5: 434 435 436 438 439 440 
438,0.5: 435 436 437 439 440 1089 
439,0.3: 436 437 438 440 441 442 
440,1.5: 437 438 439 441 442 443 
441,0.5: 439 440 442 443 444 
442,0.8: 439 440 441 444 445 620 1038 
443,0.2: 130 440 441 444 445 446 597 
444,1.5: 441 442 443 445 446 447 
445,0.6: 442 443 444 446 447 448 
446,1.4: 443 444 445 447 448 449 
447,0.4: 444 445 446 448 449 450 
448,0.2: 445 446 447 449 450 451 
449,0.4: 446 447 448 450 451 452 
450,0.8: 447 448 449 451 452 453 
451,0.3: 448 449 450 452 453 454 
452,0.8: 449 450 451 453 454 455 727 
453,0.9: 450 451 452 454 455 456 
454,0.4: 451 452 453 455 456 457 1070 
455,1.4: 452 453 454 456 457 458 
456,0.7: 453 454 455 457 458 459 
457,0.6: 454 455 456 458 459 460 1144 
458,1.4: 455 456 457 459 460 461 
459,0.8: 456 457 458 460 461 462 
460,1.2: 457 458 459 461 462 463 
461,0.1: 458 459 460 490 
462,1.4: 459 460 463 464 465 
463,0.4: 460 462 464 465 466 924 
464,0.8: 102 462 463 465 466 467 
465,0.8: 462 463 464 466 467 468 
466,1.3: 463 464 465 467 468 469 
467,0.4: 464 465 466 468 469 470 
468,0.4: 465 466 467 469 470 471 
469,0.1: 167 466 467 468 470 471 472 
470,1.3: 467 468 469 471 472 473 
471,0.9: 468 469 470 472 473 474 
472,0.8: 469 470 471 473 474 475 
473,0.4: 470 471 472 474 475 476 
474,1.2: 471 472 473 475 476 477 
475,0.7: 472 473 474 476 477 478 
476,1.2: 473 474 475 477 478 479 
477,1.5: 339 474 475 476 478 479 480 
478,1: 475 476 477 479 480 481 
479,1.5: 476 477 478 480 481 482 
480,0.3: 477 478 479 481 482 483 
481,0.2: 478 479 480 483 484 
482,1.5: 479 480 483 484 485 1122 
483,1.4: 480 481 482 484 485 486 846 
484,0.6: 481 482 483 485 486 487 
485,0.3: 482 483 484 486 487 488 1444 
486,0.3: 483 484 485 487 488 489 
487,0.2: 484 485 486 488 490 
488,1.4: 485 486 487 489 490 491 
489,0.6: 4 486 488 490 492 
490,0.6: 461 487 488 489 491 492 493 
491,0.8: 434 488 490 492 494 595 715 
492,0.6: 489 490 491 493 494 495 
493,1.5: 490 492 494 495 496 
494,0.1: 491 492 493 495 496 497 
495,0.3: 492 493 494 496 497 498 652 1033 
496,0.4: 493 494 495 497 498 499 
497,0.4: 494 495 496 498 499 500 
498,1.1: 495 496 497 499 500 501 
499,0.2: 496 497 498 500 501 502 
500,0.7: 497 498 499 501 502 503 
501,1: 498 499 500 502 503 504 1094 
502,0.3: 499 500 501 503 504 505 
503,1.3: 500 501 502 504 505 506 
504,1.5: 501 502 503 505 507 1063 
505,1.1: 502 503 504 506 507 508 
506,0.9: 503 505 507 508 509 
507,1.2: 504 505 506 508 510 1317 
508,1: 505 506 507 509 510 511 
509,0.8: 506 508 510 511 512 
510,0.9: 507 508 509 511 512 513 
511,0.9: 508 509 510 512 513 514 
512,0.1: 509 510 511 513 515 1264 
513,0.8: 510 511 512 514 515 516 
514,0.4: 511 513 516 517 
515,0.1: 512 513 516 517 518 969 
516,0.8: 513 514 515 517 518 519 1266 
517,1.5: 514 515 516 518 519 520 
518,0.1: 515 516 517 519 521 
519,0.1: 516 517 518 520 521 522 
520,0.6: 517 519 521 523 913 
521,0.3: 74 518 519 520 523 524 
522,1.4: 314 519 523 524 525 
523,0.6: 520 521 522 525 526 1370 
524,1.4: 521 522 525 526 527 
525,0.7: 522 523 524 526 527 528 1159 
526,0.4: 19 523 524 525 527 528 529 
527,1.4: 524 525 526 529 
528,0.6: 170 525 526 529 530 531 
529,0.1: 526 527 528 530 531 532 
530,1.1: 528 529 531 532 533 819 
531,0.8: 528 529 530 532 533 534 
532,1.3: 316 529 530 531 534 535 
533,1.1: 530 531 534 535 536 
534,0.8: 531 532 533 535 536 537 
535,1.4: 532 533 534 536 537 538 
536,0.8: 533 534 535 537 538 539 
537,1.4: 534 535 536 538 539 540 
538,0.3: 535 536 537 539 540 541 
539,1.1: 536 537 538 540 541 542 
540,1.2: 537 538 539 541 542 543 
541,0.9: 538 539 540 542 543 544 
542,1.1: 539 540 541 543 544 545 
543,1.2: 540 541 542 544 545 546 
544,0.4: 541 542 543 545 546 
545,1: 542 543 544 546 547 548 
546,0.2: 543 544 545 547 548 549 
547,1.2: 545 546 548 549 550 1091 
548,0.4: 545 546 547 549 550 551 
549,0.4: 546 547 548 550 551 552 
550,0.5: 547 548 549 551 552 553 852 
551,0.3: 548 549 550 552 553 554 
552,0.9: 549 550 551 553 554 555 
553,1.1: 550 551 552 554 556 
554,1.3: 551 552 553 555 556 557 1213 
555,1.4: 552 554 556 557 558 563 
556,1: 553 554 555 557 558 559 
557,1.5: 554 555 556 558 560 
558,1.2: 555 556 557 559 560 561 
559,0.3: 556 558 560 561 562 625 
560,0.4: 557 558 559 561 562 563 
561,1.1: 558 559 560 562 563 564 
562,1.5: 559 560 561 563 564 930 
563,0.5: 555 560 561 562 564 565 566 802 
564,0.5: 561 562 563 566 567 
565,0.1: 563 566 567 568 601 
566,1.2: 563 564 565 567 568 
567,0.1: 564 565 566 568 569 570 
568,1.5: 565 566 567 569 570 571 
569,0.3: 419 567 568 570 571 572 
570,0.7: 567 568 569 571 572 573 
571,0.3: 568 569 570 572 573 574 
572,0.1: 569 570 571 573 574 575 
573,0.4: 570 571 572 574 575 576 
574,1.4: 571 572 573 575 576 577 
575,1: 572 573 574 576 577 578 
576,0.4: 573 574 575 577 578 579 
577,0.3: 574 575 576 578 579 580 
578,0.5: 575 576 577 579 580 581 
579,0.4: 576 577 578 580 581 582 
580,0.7: 577 578 579 581 582 583 
581,1: 578 579 580 582 583 584 
582,0.3: 579 580 581 583 584 585 
583,1: 214 580 581 582 584 585 586 
584,0.6: 581 582 583 585 586 587 
585,0.6: 582 583 584 586 587 588 
586,1.1: 583 584 585 587 588 589 
587,1.3: 584 585 586 588 589 590 
588,1.2: 585 586 587 589 590 591 
589,1.2: 586 587 588 590 591 592 
590,0.5: 587 588 589 591 592 593 986 
591,0.4: 588 589 590 592 593 594 
592,1.4: 589 590 591 593 594 595 
593,0.4: 590 591 592 594 596 
594,0.3: 591 592 593 595 596 597 613 
595,0.1: 223 491 592 594 597 598 
596,0.9: 381 593 594 597 598 599 
597,0.2: 387 443 594 595 596 598 599 
598,1.3: 595 596 597 599 600 601 1412 
599,0.6: 596 597 598 600 601 602 
600,0.4: 598 599 601 602 603 
601,0.6: 565 598 599 600 602 603 604 
602,1.2: 599 600 601 603 604 605 
603,1.5: 600 601 602 604 605 606 
604,1.4: 601 602 603 605 606 607 
605,0.8: 602 603 604 606 607 608 
606,1.1: 603 604 605 607 608 609 
607,0.8: 604 605 606 608 609 610 
608,0.8: 605 606 607 609 610 611 
609,1.2: 606 607 608 610 611 612 
610,0.8: 607 608 609 611 612 613 
611,0.5: 608 609 610 612 613 614 
612,1.2: 33 609 610 611 613 614 
613,0.3: 594 610 611 612 614 616 
614,0.6: 611 612 613 615 616 617 656 855 
615,0.4: 614 616 617 618 
616,0.2: 613 614 615 617 618 619 
617,1.2: 614 615 616 618 619 
618,1: 341 615 616 617 621 729 842 
619,0.5: 616 617 620 621 622 
620,0.1: 442 619 621 622 623 
621,0.2: 618 619 620 622 623 624 
622,1.3: 619 620 621 624 625 1141 
623,1.4: 620 621 624 625 626 
624,0.8: 621 622 623 625 626 627 
625,1.3: 559 622 623 624 626 628 1443 
626,0.6: 623 624 625 627 628 629 
627,0.6: 624 626 628 629 630 
628,0.4: 388 625 626 627 629 630 631 
629,0.4: 626 627 628 630 631 632 
630,0.6: 627 628 629 631 632 633 
631,0.6: 628 629 630 632 633 634 
632,0.5: 629 630 631 633 634 635 
633,0.4: 630 631 632 634 636 
634,1.1: 631 632 633 635 636 637 
635,0.6: 357 632 634 636 637 638 
636,1.1: 633 634 635 637 638 639 
637,0.5: 114 123 215 634 635 636 638 639 640 
638,0.4: 635 636 637 640 641 
639,1: 636 637 640 641 642 980 
640,0.5: 637 638 639 641 642 643 1254 
641,1.3: 638 639 640 642 643 644 
642,0.8: 639 640 641 643 644 645 1404 
643,0.9: 640 641 642 645 646 671 
644,0.1: 333 641 642 645 646 
645,1.5: 642 643 644 646 647 648 
646,1.4: 643 644 645 647 648 649 
647,0.5: 645 646 649 650 
648,1.2: 645 646 649 650 651 1230 
649,0.7: 646 647 648 650 651 1034 1034 
650,1.1: 647 648 649 651 652 653 
651,0.9: 648 649 650 652 653 654 
652,1: 495 650 651 653 654 
653,0.7: 650 651 652 654 655 656 
654,0.8: 651 652 653 655 656 657 
655,1.4: 653 654 657 658 989 
656,1.5: 614 653 654 658 659 
657,0.4: 416 654 655 659 660 
658,0.4: 655 656 659 660 661 
659,1: 656 657 658 660 661 662 
660,1.2: 657 658 659 661 662 
661,1.4: 658 659 660 662 663 664 
662,0.4: 659 660 661 663 784 
663,1.3: 222 661 662 664 665 666 
664,1.4: 661 663 665 666 667 
665,0.4: 663 664 666 667 668 782 
666,0.4: 663 664 665 667 668 669 
667,1.2: 664 665 666 668 669 670 
668,0.5: 665 666 667 669 670 671 
669,0.3: 666 667 668 670 671 672 1058 
670,0.4: 667 668 669 671 672 673 
671,1.5: 643 668 669 670 672 673 674 
672,1.3: 669 670 671 673 674 
673,0.5: 124 670 671 672 676 
674,1.2: 671 672 675 676 1401 
675,0.5: 153 674 676 677 678 1384 
676,0.7: 673 674 675 677 678 679 
677,0.1: 675 676 678 679 680 
678,1.1: 675 676 677 679 680 681 731 
679,0.4: 676 677 678 680 681 682 1034 
680,1.3: 677 678 679 681 682 683 
681,1.1: 678 679 680 682 683 684 1037 
682,1.4: 679 680 681 683 684 685 1029 
683,1.2: 680 681 682 684 685 686 
684,0.8: 681 682 683 685 686 687 
685,0.3: 682 683 684 686 687 688 
686,0.9: 683 684 685 687 688 689 826 
687,0.2: 684 685 686 688 690 842 
688,0.4: 685 686 687 689 690 1408 
689,1.5: 686 688 690 691 692 
690,0.4: 687 688 689 691 692 693 
691,0.8: 689 690 692 693 694 776 
692,1.5: 689 690 691 694 695 1263 
693,1.3: 690 691 694 695 696 
694,0.3: 691 692 693 695 696 697 
695,1.2: 692 693 694 696 697 698 
696,0.9: 693 694 695 697 698 699 
697,0.3: 694 695 696 698 699 700 
698,1.3: 695 696 697 699 701 856 
699,1: 696 697 698 700 701 702 
700,1.3: 697 699 701 702 703 
701,1: 698 699 700 702 703 704 
702,0.8: 699 700 701 703 704 705 
703,0.3: 700 701 702 704 705 706 
704,1.1: 701 702 703 705 706 707 
705,1.3: 702 703 704 706 707 708 
706,0.7: 703 704 705 707 708 709 
707,0.7: 704 705 706 708 709 710 1277 
708,0.8: 705 706 707 709 710 711 
709,0.4: 706 707 708 710 711 712 
710,0.4: 707 708 709 711 1188 
711,0.6: 708 709 710 712 713 714 928 
712,1.3: 709 711 713 714 715 
713,0.2: 711 712 714 715 716 
714,0.3: 711 712 713 715 716 717 
715,1.4: 491 712 713 714 716 718 
716,1: 713 714 715 717 718 719 
717,0.9: 714 716 718 719 720 823 
718,0.2: 715 716 717 719 720 721 
719,1: 716 717 718 720 721 722 
720,0.3: 40 717 718 719 722 723 
721,0.6: 718 719 722 723 724 1466 
722,1.5: 719 720 721 723 724 725 
723,0.1: 720 721 722 725 726 
724,0.5: 721 722 725 726 727 1064 
725,1: 722 723 724 726 727 728 
726,0.6: 723 724 725 727 728 729 
727,0.7: 452 724 725 726 728 729 
728,0.9: 725 726 727 729 730 731 
729,0.4: 618 726 727 728 730 731 732 
730,1.1: 728 729 731 732 733 
731,0.8: 678 728 729 730 733 734 
732,1.3: 729 730 733 734 735 
733,0.1: 730 731 732 734 735 736 
734,1.5: 731 732 733 735 736 737 
735,0.7: 732 733 734 736 737 738 1218 1428 
736,0.7: 733 734 735 737 739 784 
737,1.1: 734 735 736 738 739 740 
738,0.6: 735 737 739 740 741 
739,0.1: 736 737 738 740 741 742 
740,0.2: 737 738 739 741 742 743 
741,0.7: 738 739 740 742 743 744 
742,0.9: 739 740 741 743 744 745 
743,0.7: 740 741 742 744 745 746 
744,0.2: 741 742 743 745 746 747 
745,0.2: 742 743 744 746 747 1158 
746,0.2: 743 744 745 747 748 749 
747,0.6: 744 745 746 748 749 750 
748,0.9: 746 747 749 750 751 1239 
749,0.3: 746 747 748 750 751 752 
750,1.3: 747 748 749 751 752 1222 
751,1.4: 748 749 750 753 754 1235 
752,0.9: 749 750 753 754 755 1004 
753,0.2: 751 752 754 755 756 
754,1.2: 751 752 753 755 756 757 
755,1.2: 752 753 754 756 757 758 
756,1.2: 753 754 755 757 758 759 
757,0.2: 754 755 756 758 759 760 
758,0.2: 755 756 757 759 760 761 
759,1: 756 757 758 760 761 762 
760,0.2: 757 758 759 761 762 763 
761,0.7: 758 759 760 762 763 764 
762,1: 759 760 761 763 764 765 
763,1.4: 173 407 760 761 762 764 765 766 
764,0.3: 761 762 763 765 766 767 
765,1.3: 34 762 763 764 766 767 
766,0.4: 763 764 765 767 768 769 
767,0.2: 764 765 766 768 769 770 
768,1.3: 766 767 769 771 
769,0.3: 766 767 768 770 771 772 
770,1.4: 767 769 771 772 773 
771,1.5: 768 769 770 772 773 774 
772,0.4: 769 770 771 773 774 775 
773,1.4: 770 771 772 774 775 
774,0.2: 771 772 773 775 776 777 
775,0.4: 772 773 774 776 777 778 
776,0.7: 691 774 775 777 778 779 
777,1: 774 775 776 778 779 780 
778,0.3: 775 776 777 779 780 781 
779,1.1: 776 777 778 780 781 782 
780,0.9: 777 778 779 781 782 783 
781,0.7: 778 779 780 782 783 784 
782,0.5: 665 779 780 781 783 784 785 814 
783,0.6: 780 781 782 784 785 786 
784,1: 662 736 781 782 783 785 786 1083 
785,1.1: 782 783 784 786 787 788 
786,1: 783 784 785 787 788 789 
787,1: 785 786 788 789 790 
788,0.5: 785 786 787 789 790 791 
789,0.8: 786 787 788 790 791 792 
790,0.6: 787 788 789 791 792 793 
791,0.9: 788 789 790 792 794 
792,1.1: 789 790 791 793 794 795 
793,1.1: 1 227 790 792 794 796 
794,1.5: 303 791 792 793 795 796 797 
795,0.7: 792 794 796 797 798 
796,0.8: 793 794 795 797 798 799 
797,1.4: 794 795 796 798 799 800 
798,0.7: 795 796 797 799 800 801 
799,0.9: 796 797 798 800 801 802 
800,0.7: 797 798 799 801 802 803 
801,1.2: 798 799 800 802 804 
802,0.8: 563 799 800 801 803 805 
803,1.3: 800 802 804 805 806 1248 
804,1: 801 803 805 806 807 
805,0.1: 802 803 804 806 807 808 
806,0.9: 803 804 805 807 808 809 
807,0.5: 804 805 806 808 809 810 
808,0.5: 805 806 807 809 810 811 
809,0.8: 806 807 808 810 811 812 
810,0.3: 334 807 808 809 811 812 813 
811,1.4: 808 809 810 812 813 814 1121 
812,0.9: 809 810 811 813 814 815 
813,1.1: 810 811 812 815 816 
814,1.4: 782 811 812 815 816 817 
815,1: 360 812 813 814 816 817 818 
816,0.4: 813 814 815 817 818 819 
817,0.8: 814 815 816 818 819 820 
818,1.1: 815 816 817 819 820 821 
819,0.7: 530 816 817 818 820 821 822 940 
820,0.7: 817 818 819 821 822 823 
821,1.1: 818 819 820 822 823 824 
822,0.8: 819 820 821 823 824 825 
823,0.6: 717 820 821 822 824 825 826 1307 
824,0.7: 31 821 822 823 827 
825,1.5: 822 823 827 828 
826,0.6: 176 423 686 823 827 828 1153 
827,0.4: 824 825 826 828 829 830 
828,0.3: 825 826 827 831 1374 
829,1.1: 99 827 830 831 832 
830,0.3: 827 829 831 832 833 945 
831,0.4: 828 829 830 832 833 834 
832,0.1: 829 830 831 833 834 835 
833,0.3: 830 831 832 834 835 836 
834,0.7: 831 832 833 835 836 837 1300 
835,1.4: 832 833 834 836 837 838 
836,0.2: 833 834 835 837 838 839 
837,0.9: 834 835 836 838 839 840 1104 
838,1.1: 835 836 837 839 840 841 
839,1.2: 836 837 838 840 841 842 
840,0.8: 363 837 838 839 841 842 843 
841,0.3: 249 838 839 840 842 843 844 
842,1.4: 618 687 839 840 841 843 844 845 
843,0.9: 840 841 842 844 845 846 
844,0.7: 369 409 841 842 843 845 846 
845,0.7: 842 843 844 846 847 848 
846,1.4: 483 843 844 845 847 849 
847,1.3: 845 846 848 849 850 
848,0.5: 845 847 849 850 851 
849,1.4: 846 847 848 850 851 
850,1.4: 847 848 849 851 852 853 
851,0.7: 848 849 850 852 853 854 
852,0.5: 550 850 851 853 854 855 
853,0.9: 850 851 852 854 856 
854,1.4: 851 852 853 855 856 857 
855,1.5: 614 852 854 856 857 858 
856,1.3: 698 853 854 855 857 858 859 
857,0.9: 854 855 856 858 859 860 
858,0.7: 855 856 857 859 860 861 
859,0.8: 856 857 858 860 861 862 
860,1.2: 857 858 859 861 862 863 1403 
861,1.4: 858 859 860 862 863 864 
862,1.1: 859 860 861 863 864 865 1487 
863,0.7: 860 861 862 864 865 866 
864,1.5: 861 862 863 865 866 867 
865,0.9: 862 863 864 866 867 868 
866,1: 863 864 865 867 868 869 
867,0.2: 864 865 866 868 869 870 
868,0.1: 865 866 867 869 870 871 
869,1.4: 866 867 868 870 871 872 
870,0.7: 867 868 869 871 872 873 1278 
871,1.4: 868 869 870 872 873 874 
872,1.4: 869 870 871 873 874 875 
873,1.3: 870 871 872 874 875 876 944 
874,1.5: 871 872 873 875 876 
875,0.9: 872 873 874 876 877 878 
876,1.1: 873 874 875 877 878 879 
877,0.6: 875 876 878 879 880 1360 
878,0.1: 875 876 877 879 881 962 
879,1.3: 876 877 878 882 
880,0.7: 877 881 882 883 1006 
881,1.5: 878 880 882 883 884 1440 
882,1.4: 879 880 881 883 884 885 935 
883,1.5: 880 881 882 884 885 886 
884,0.3: 881 882 883 885 886 887 
885,1.3: 882 883 884 886 887 888 
886,1.1: 883 884 885 887 888 889 
887,0.9: 884 885 886 888 889 890 
888,0.2: 885 886 887 889 890 891 1466 
889,1.2: 376 886 887 888 891 892 1489 
890,1.1: 887 888 891 892 893 
891,0.6: 888 889 890 892 893 894 
892,1: 889 890 891 893 894 895 1369 
893,0.4: 890 891 892 894 895 896 
894,0.4: 891 892 893 895 896 1212 
895,1.5: 892 893 894 896 897 898 
896,1.3: 893 894 895 897 898 970 
897,0.8: 895 896 898 899 900 
898,0.2: 895 896 897 899 900 901 
899,1.4: 897 898 900 901 902 
900,1.1: 897 898 899 901 902 903 
901,1: 898 899 900 902 903 904 
902,0.3: 899 900 901 904 905 
903,0.2: 257 900 901 904 905 
904,1: 901 902 903 905 906 906 907 
905,0.2: 371 902 903 904 906 907 908 
906,0.6: 904 904 905 907 908 909 
907,1.3: 904 905 906 908 909 910 
908,1.1: 905 906 907 909 910 911 
909,1.4: 906 907 908 910 911 912 
910,0.4: 907 908 909 911 912 913 
911,1.2: 908 909 910 912 913 914 
912,0.8: 909 910 911 913 914 915 
913,0.7: 520 910 911 912 914 915 916 
914,1.2: 911 912 913 915 916 917 
915,1.4: 246 912 913 914 916 917 918 
916,1.1: 913 914 915 917 918 919 
917,0.6: 914 915 916 918 919 920 
918,1.3: 915 916 917 919 920 921 
919,0.3: 298 916 917 918 920 921 922 1209 
920,0.4: 917 918 919 921 923 
921,0.9: 918 919 920 922 923 924 
922,0.6: 233 919 921 923 924 925 1300 
923,0.3: 920 921 922 924 925 926 1045 
924,0.5: 463 921 922 923 925 926 927 
925,0.6: 922 923 924 926 927 928 
926,0.5: 923 924 925 927 928 929 
927,0.8: 924 925 926 928 929 930 
928,0.9: 711 925 926 927 930 931 
929,0.2: 926 927 930 931 932 
930,0.6: 562 927 928 929 931 932 933 
931,0.5: 928 929 930 932 933 934 
932,0.6: 929 930 931 933 934 935 
933,0.5: 930 931 932 934 935 936 
934,1.3: 931 932 933 935 936 937 
935,1.5: 882 932 933 934 936 938 
936,0.5: 435 933 934 935 937 939 
937,0.4: 934 936 938 939 940 
938,0.2: 935 937 939 941 1139 
939,0.6: 936 937 938 940 941 942 
940,0.5: 338 819 937 939 941 942 
941,1.1: 938 939 940 942 944 
942,1.4: 939 940 941 943 944 945 
943,1.3: 419 942 944 945 946 
944,1.2: 873 941 942 943 945 947 
945,0.7: 830 942 943 944 946 947 948 
946,0.6: 943 945 947 948 
947,1.4: 944 945 946 948 949 950 1440 
948,0.3: 177 945 946 947 949 950 951 
949,0.3: 947 948 950 951 952 1070 
950,0.4: 47 129 947 948 949 951 952 953 
951,0.6: 948 949 950 952 953 954 
952,1.5: 949 950 951 953 954 955 
953,1: 950 951 952 954 955 956 
954,1.1: 951 952 953 955 956 957 
955,1.2: 952 953 954 956 957 958 
956,1.4: 953 954 955 958 959 
957,1.1: 38 954 955 958 959 960 
958,0.1: 955 956 957 959 960 961 
959,0.3: 956 957 958 960 961 962 
960,0.3: 957 958 959 961 962 963 
961,0.2: 958 959 960 962 963 964 
962,0.3: 878 959 960 961 963 964 965 
963,1.2: 960 961 962 964 965 966 
964,0.2: 961 962 963 965 966 967 
965,0.4: 962 963 964 966 967 968 
966,0.5: 358 963 964 965 967 968 969 
967,0.4: 964 965 966 968 969 970 
968,0.6: 965 966 967 969 970 971 
969,0.6: 515 966 967 968 970 971 
970,1.3: 896 967 968 969 971 972 973 
971,1.2: 185 968 969 970 973 974 
972,1: 970 973 974 975 1393 
973,1: 970 971 972 974 975 976 
974,0.5: 971 972 973 975 976 977 1013 
975,0.5: 377 972 973 974 976 977 978 
976,0.5: 973 974 975 977 978 979 
977,0.8: 974 975 976 978 979 980 
978,1: 975 976 977 979 980 981 
979,0.2: 976 977 978 980 981 982 
980,1: 639 977 978 979 981 982 983 
981,0.8: 978 979 980 982 983 984 
982,0.9: 979 980 981 983 984 985 
983,0.9: 108 980 981 982 985 986 
984,1.1: 981 982 985 986 987 
985,0.3: 982 983 984 987 988 1001 
986,0.9: 26 344 590 983 984 988 989 
987,0.5: 984 985 989 990 
988,0.4: 138 985 986 989 990 991 
989,0.2: 655 986 987 988 990 991 992 
990,0.9: 987 988 989 991 992 993 
991,0.8: 988 989 990 992 993 994 
992,1.4: 989 990 991 993 994 995 
993,0.4: 990 991 992 994 995 996 1236 
994,0.6: 991 992 993 995 996 997 
995,1.2: 992 993 994 996 997 998 
996,1.2: 993 994 995 997 998 999 
997,1.5: 174 994 995 996 999 1000 
998,0.3: 995 996 1000 1001 
999,0.4: 996 997 1000 1001 1002 1357 1437 
1000,0.1: 997 998 999 1002 1003 
1001,1.1: 163 985 998 999 1002 1003 1004 
1002,1: 999 1000 1001 1003 1004 1005 
1003,0.4: 1000 1001 1002 1004 1005 1006 
1004,0.6: 752 1001 1002 1003 1005 1006 
1005,0.2: 1002 1003 1004 1006 1007 1008 
1006,0.3: 880 1003 1004 1005 1008 1009 
1007,0.9: 232 1005 1008 1009 1010 
1008,0.2: 1005 1006 1007 1009 1010 1011 
1009,1: 1006 1007 1008 1010 1011 1012 
1010,1.2: 1007 1008 1009 1011 1012 1013 
1011,0.4: 1008 1009 1010 1012 1013 1014 
1012,1.5: 1009 1010 1011 1013 1014 1015 
1013,0.3: 974 1010 1011 1012 1014 1016 
1014,1.3: 1011 1012 1013 1016 1017 
1015,0.7: 1012 1016 1017 1018 1190 
1016,1.4: 1 1013 1014 1015 1017 1018 
1017,0.2: 156 1014 1015 1016 1018 1019 1020 1030 
1018,1.4: 1015 1016 1017 1019 1020 1021 
1019,1: 1017 1018 1020 1021 1022 1240 
1020,1.5: 1017 1018 1019 1021 1022 1023 
1021,1.2: 1018 1019 1020 1022 1023 1024 
1022,0.5: 1019 1020 1021 1023 1024 1025 
1023,1.2: 1020 1021 1022 1024 1025 1026 
1024,0.6: 1021 1022 1023 1025 1026 1027 
1025,1.3: 1022 1023 1024 1026 1027 1028 
1026,1.2: 1023 1024 1025 1027 1028 1029 
1027,0.2: 63 1024 1025 1026 1029 
1028,0.2: 1025 1026 1029 1031 
1029,1.4: 682 1026 1027 1028 1030 1031 
1030,0.1: 1017 1029 1031 1032 1372 
1031,0.9: 1028 1029 1030 1032 1033 
1032,0.3: 1030 1031 1033 1034 1035 
1033,0.1: 495 1031 1032 1035 1036 
1034,0.6: 189 649 649 679 1032 1035 1036 1037 
1035,0.9: 1032 1033 1034 1036 1037 
1036,0.8: 1033 1034 1035 1037 1038 1039 
1037,0.7: 681 1034 1035 1036 1038 1039 
1038,0.8: 442 1036 1037 1039 1040 1041 
1039,1.3: 1036 1037 1038 1040 1041 1042 
1040,0.5: 1038 1039 1041 1042 1043 
1041,0.6: 1038 1039 1040 1042 1043 1044 1412 
1042,0.5: 1039 1040 1041 1043 1044 
1043,0.9: 1040 1041 1042 1044 1045 1046 
1044,0.5: 1041 1042 1043 1045 1046 1047 
1045,0.2: 923 1043 1044 1046 1047 1048 
1046,0.7: 1043 1044 1045 1047 1048 1049 
1047,1.3: 1044 1045 1046 1048 1049 1050 
1048,0.9: 1045 1046 1047 1049 1050 1051 
1049,1: 1046 1047 1048 1050 1051 1052 
1050,1.5: 1047 1048 1049 1051 1052 1053 
1051,0.2: 1048 1049 1050 1052 1053 1054 
1052,0.1: 1049 1050 1051 1053 1054 1055 
1053,1.4: 1050 1051 1052 1054 1055 1056 
1054,1: 1051 1052 1053 1055 1056 1057 1150 
1055,0.6: 1052 1053 1054 1056 1057 1058 
1056,1.4: 1053 1054 1055 1057 1058 1059 
1057,1.3: 1054 1055 1056 1059 1060 
1058,0.5: 669 1055 1056 1059 1060 1061 
1059,0.5: 259 1056 1057 1058 1060 1061 1062 
1060,1.4: 1057 1058 1059 1061 1062 1418 
1061,0.5: 1058 1059 1060 1062 1063 1064 
1062,1.3: 1059 1060 1061 1063 1064 1065 
1063,1: 504 1061 1062 1064 1065 
1064,0.6: 724 1061 1062 1063 1065 1349 
1065,0.5: 1062 1063 1064 1066 1067 1068 
1066,0.3: 182 1065 1067 1068 1069 
1067,1.5: 60 1065 1066 1068 1069 1070 
1068,0.6: 1065 1066 1067 1069 1070 1071 
1069,1.1: 1066 1067 1068 1071 1072 
1070,1.1: 454 949 1067 1068 1071 1072 1073 
1071,0.7: 1068 1069 1070 1072 1073 1074 
1072,1.4: 1069 1070 1071 1073 1074 1075 1457 
1073,1.4: 1070 1071 1072 1074 1075 1076 
1074,0.1: 1071 1072 1073 1075 1076 1077 
1075,0.3: 1072 1073 1074 1076 1077 1078 
1076,0.9: 1073 1074 1075 1077 1078 1079 
1077,0.2: 1074 1075 1076 1078 1079 1080 
1078,1.3: 1075 1076 1077 1079 1080 1081 
1079,0.9: 1076 1077 1078 1080 1081 1082 
1080,0.8: 1077 1078 1079 1081 1082 1083 
1081,1.3: 1078 1079 1080 1082 1083 1084 
1082,0.2: 351 1079 1080 1081 1084 1085 
1083,1.5: 784 1080 1081 1084 1085 1086 
1084,0.5: 1081 1082 1083 1085 1086 1087 
1085,1.4: 1082 1083 1084 1086 1087 1088 
1086,0.6: 1083 1084 1085 1087 1088 1089 
1087,0.7: 1084 1085 1086 1088 1089 1090 
1088,1: 178 1085 1086 1087 1089 1090 1091 
1089,0.9: 438 1086 1087 1088 1090 1091 1092 
1090,1.4: 1087 1088 1089 1091 1092 1093 
1091,0.6: 547 1088 1089 1090 1092 1094 
1092,1.2: 1089 1090 1091 1093 1095 
1093,0.9: 1090 1092 1094 1095 1096 1212 
1094,0.3: 501 1091 1093 1095 1096 1097 
1095,1.1: 1092 1093 1094 1096 1097 1098 
1096,0.9: 1093 1094 1095 1097 1098 1099 
1097,1.3: 277 1094 1095 1096 1098 1099 1100 
1098,0.5: 1095 1096 1097 1099 1100 1101 
1099,0.4: 153 1096 1097 1098 1101 1102 
1100,0.9: 1097 1098 1101 1102 1103 
1101,0.6: 1098 1099 1100 1102 1103 1104 
1102,0.4: 1099 1100 1101 1103 1104 1105 
1103,0.2: 1100 1101 1102 1104 1105 1106 
1104,0.6: 837 1101 1102 1103 1105 1106 
1105,1.1: 1102 1103 1104 1106 1107 1108 
1106,0.4: 1103 1104 1105 1107 1108 1109 
1107,0.5: 1105 1106 1108 1109 1110 
1108,1: 1105 1106 1107 1109 1110 1111 
1109,0.3: 1106 1107 1108 1110 1111 1112 
1110,1.5: 1107 1108 1109 1111 1112 1113 
1111,1.3: 1108 1109 1110 1112 1113 1114 
1112,0.1: 1109 1110 1111 1113 1114 1115 
1113,0.7: 1110 1111 1112 1115 1116 1256 
1114,1: 1111 1112 1115 1116 1117 
1115,0.1: 1112 1113 1114 1116 1117 1118 
1116,0.4: 1113 1114 1115 1117 1118 1119 
1117,0.8: 107 1114 1115 1116 1118 1119 
1118,0.6: 1115 1116 1117 1119 1120 1121 
1119,1: 1116 1117 1118 1120 1121 1122 
1120,1.3: 1118 1119 1122 1123 
1121,1: 811 1118 1119 1122 1123 1124 
1122,1: 482 1119 1120 1121 1123 1124 1125 
1123,0.3: 1120 1121 1122 1124 1125 1126 1264 
1124,0.9: 1121 1122 1123 1125 1126 1127 
1125,0.7: 1122 1123 1124 1126 1127 1128 
1126,0.5: 1123 1124 1125 1127 1129 
1127,1.1: 1124 1125 1126 1128 1129 1130 
1128,0.8: 1125 1127 1129 1130 1131 1463 
1129,1.2: 1126 1127 1128 1130 1131 1132 
1130,0.1: 1127 1128 1129 1131 1132 1133 
1131,1.4: 1128 1129 1130 1133 1134 
1132,0.2: 419 1129 1130 1133 1134 1135 
1133,0.2: 1130 1131 1132 1134 1135 1136 
1134,1: 1131 1132 1133 1135 1136 1137 
1135,1: 1132 1133 1134 1136 1137 1138 
1136,0.6: 1133 1134 1135 1137 1138 1139 
1137,1.1: 1134 1135 1136 1138 1139 1140 
1138,1.4: 1135 1136 1137 1139 1140 1141 
1139,1.4: 938 1136 1137 1138 1140 1141 1142 
1140,0.9: 1137 1138 1139 1141 1142 1143 
1141,1.2: 622 1138 1139 1140 1142 1143 1144 
1142,0.7: 1139 1140 1141 1143 1144 1145 
1143,0.5: 1140 1141 1142 1144 1145 1146 
1144,1.4: 457 1141 1142 1143 1146 1147 
1145,1.2: 1142 1143 1146 1147 1148 
1146,1.4: 1143 1144 1145 1147 1148 1149 
1147,0.6: 1144 1145 1146 1148 1149 1150 
1148,0.7: 1145 1146 1147 1149 1151 
1149,0.9: 1146 1147 1148 1150 1151 1152 
1150,0.2: 1054 1147 1149 1151 1152 1153 
1151,0.3: 1148 1149 1150 1152 1153 1154 
1152,1: 1149 1150 1151 1153 1154 1155 
1153,0.2: 826 1150 1151 1152 1154 1155 1156 
1154,0.6: 242 1151 1152 1153 1155 1156 1157 
1155,0.5: 1152 1153 1154 1156 1157 1158 
1156,0.5: 1153 1154 1155 1157 1158 1159 
1157,0.3: 1154 1155 1156 1158 1159 1160 
1158,0.4: 745 1155 1156 1157 1159 1160 1161 
1159,1.3: 525 1156 1157 1158 1160 1161 
1160,0.5: 241 1157 1158 1159 1161 1162 1163 
1161,0.9: 1158 1159 1160 1162 1163 1164 
1162,0.2: 1160 1161 1163 1164 1165 
1163,0.3: 105 1160 1161 1162 1164 1165 1166 
1164,0.2: 1161 1162 1163 1165 1166 1167 
1165,1.4: 1162 1163 1164 1166 1167 1168 
1166,0.3: 1163 1164 1165 1167 1168 1169 
1167,0.8: 411 1164 1165 1166 1168 1169 1170 1396 
1168,0.6: 1165 1166 1167 1169 1170 1171 
1169,1.3: 1166 1167 1168 1170 1171 1172 
1170,0.9: 1167 1168 1169 1171 1172 1173 
1171,1.5: 62 345 1168 1169 1170 1172 1173 1174 
1172,0.6: 1169 1170 1171 1173 1174 1175 
1173,1.1: 1170 1171 1172 1174 1175 1176 
1174,1.3: 20 1171 1172 1173 1175 1177 
1175,0.6: 1172 1173 1174 1176 1177 1178 
1176,0.2: 1173 1175 1177 1178 1179 
1177,1.1: 1174 1175 1176 1178 1179 1180 
1178,0.3: 301 1175 1176 1177 1179 1180 1181 
1179,1.2: 1176 1177 1178 1180 1181 1182 
1180,0.7: 1177 1178 1179 1181 1182 1183 
1181,1.2: 1178 1179 1180 1182 1183 1184 
1182,0.5: 1179 1180 1181 1183 1184 1185 
1183,1.1: 1180 1181 1182 1184 1185 1186 
1184,1.1: 1181 1182 1183 1185 1186 1187 
1185,0.8: 1182 1183 1184 1186 1187 1188 
1186,0.7: 1183 1184 1185 1187 1188 1189 
1187,0.1: 1184 1185 1186 1188 1189 1190 
1188,1: 710 1185 1186 1187 1189 1190 1191 
1189,0.9: 1186 1187 1188 1190 1191 1192 
1190,0.8: 1015 1187 1188 1189 1191 1192 1193 
1191,0.9: 1188 1189 1190 1192 1193 1194 
1192,0.5: 1189 1190 1191 1193 1194 1195 
1193,1.3: 1190 1191 1192 1194 1195 1196 
1194,1.1: 1191 1192 1193 1195 1196 1197 
1195,1.2: 1192 1193 1194 1196 1197 1198 
1196,1.2: 1193 1194 1195 1197 1198 1199 
1197,0.2: 1194 1195 1196 1198 1199 1200 
1198,0.2: 1195 1196 1197 1199 1200 1201 
1199,1.4: 123 1196 1197 1198 1200 1201 1202 
1200,1: 1197 1198 1199 1201 1202 1203 
1201,1.3: 1198 1199 1200 1202 1203 1204 
1202,0.9: 1199 1200 1201 1203 1204 1205 
1203,0.9: 295 1200 1201 1202 1204 1205 1206 1313 
1204,1.4: 1201 1202 1203 1205 1206 1207 1280 
1205,0.8: 1202 1203 1204 1206 1207 1208 
1206,0.8: 250 1203 1204 1205 1207 1208 1209 
1207,1.1: 1204 1205 1206 1208 1209 
1208,0.8: 1205 1206 1207 1209 1210 1211 
1209,1: 67 919 1206 1207 1208 1212 
1210,0.3: 348 1208 1211 1212 1213 
1211,0.2: 1208 1210 1212 1213 1214 
1212,0.8: 894 1093 1209 1210 1211 1213 1215 1266 
1213,0.9: 554 1210 1211 1212 1214 1216 
1214,0.6: 92 1211 1213 1215 1216 1217 1375 
1215,1.2: 78 1212 1214 1217 1218 
1216,1.4: 1213 1214 1217 1218 1219 
1217,0.6: 1214 1215 1216 1219 1220 
1218,1.4: 735 1215 1216 1220 1221 
1219,1.4: 38 1216 1217 1220 1221 1222 
1220,1.3: 1217 1218 1219 1222 1223 
1221,0.9: 1218 1219 1222 1223 1224 1429 
1222,1.2: 750 1219 1220 1221 1223 1224 1225 
1223,1.1: 1220 1221 1222 1224 1225 1226 
1224,0.2: 101 1221 1222 1223 1225 1227 
1225,1.2: 1222 1223 1224 1226 1227 1228 
1226,0.7: 1223 1225 1227 1228 1229 
1227,0.8: 42 1224 1225 1226 1228 1229 1230 1338 
1228,0.3: 1225 1226 1227 1229 1230 1231 
1229,0.4: 1226 1227 1228 
1230,0.6: 648 1227 1228 1231 1232 1233 1454 
1231,0.4: 1228 1230 1232 1233 1234 1356 
1232,1.3: 329 1230 1231 1233 1234 1235 
1233,1.5: 1230 1231 1232 1234 1235 1236 
1234,0.4: 1231 1232 1233 1235 1237 1354 
1235,1.1: 751 1232 1233 1234 1236 1237 1238 
1236,0.7: 993 1233 1235 1237 1238 
1237,1.2: 1234 1235 1236 1238 1239 1240 
1238,0.4: 1235 1236 1237 1239 1240 1241 
1239,1.3: 748 1237 1238 1241 1490 
1240,1.3: 1019 1237 1238 1241 1242 1243 
1241,0.3: 1238 1239 1240 1242 1243 1244 
1242,1.5: 1240 1241 1243 1244 1245 
1243,1.4: 1240 1241 1242 1244 1245 1246 
1244,1.3: 1241 1242 1243 1245 1246 1247 
1245,0.7: 1242 1243 1244 1246 1247 1248 
1246,1.1: 1243 1244 1245 1247 1248 1249 
1247,1.5: 1244 1245 1246 1248 1249 1250 
1248,0.8: 803 1245 1246 1247 1249 1250 1251 
1249,0.5: 1246 1247 1248 1250 1251 1252 
1250,1.5: 1247 1248 1249 1251 1252 1253 
1251,0.6: 1248 1249 1250 1252 1253 1254 
1252,0.7: 1249 1250 1251 1253 1254 1255 
1253,0.8: 172 1250 1251 1252 1255 1256 
1254,1.3: 640 1251 1252 1255 1256 
1255,1: 1252 1253 1254 1256 1257 1258 
1256,0.7: 1113 1253 1254 1255 1257 1258 1259 
1257,0.4: 431 1255 1256 1258 1259 1260 
1258,0.9: 1255 1256 1257 1259 1260 1261 
1259,0.4: 1256 1257 1258 1260 1261 1262 
1260,1.1: 1257 1258 1259 1261 1262 1263 
1261,1.3: 1258 1259 1260 1262 1264 
1262,0.6: 1259 1260 1261 1263 1264 1265 
1263,1: 692 1260 1262 1265 1266 1370 
1264,1.2: 512 1123 1261 1262 1265 1266 1267 
1265,1.2: 1262 1263 1264 1266 1267 1268 
1266,1.5: 516 1212 1263 1264 1265 1268 1269 
1267,1: 1264 1265 1268 1269 1270 
1268,0.4: 1265 1266 1267 1269 1270 1271 
1269,1.4: 1266 1267 1268 1270 1271 1272 1373 
1270,1.4: 214 1267 1268 1269 1271 1272 1273 
1271,0.6: 1268 1269 1270 1272 1273 1274 
1272,1.3: 1269 1270 1271 1273 1274 1275 
1273,1.3: 1270 1271 1272 1274 1275 1276 
1274,1.2: 1271 1272 1273 1275 1276 1277 
1275,1.4: 1272 1273 1274 1276 1277 1278 
1276,0.8: 227 1273 1274 1275 1277 1279 
1277,0.9: 105 707 1274 1275 1276 1280 
1278,0.5: 870 1275 1280 1281 
1279,1.1: 1276 1280 1281 1282 
1280,1.2: 1204 1277 1278 1279 1282 1283 
1281,0.9: 1278 1279 1282 1283 1284 
1282,0.9: 1279 1280 1281 1283 1284 1285 
1283,1: 1280 1281 1282 1284 1286 
1284,0.4: 1281 1282 1283 1285 1286 1287 
1285,1.5: 406 1282 1284 1286 1287 1288 
1286,0.4: 1283 1284 1285 1287 1288 1289 
1287,1: 1284 1285 1286 1288 1289 1290 
1288,1.2: 1285 1286 1287 1289 1290 1291 
1289,1.1: 1286 1287 1288 1290 1291 1292 
1290,0.8: 1287 1288 1289 1291 1292 1293 
1291,1.3: 1288 1289 1290 1292 1294 
1292,0.6: 1289 1290 1291 1293 1295 
1293,0.8: 325 1290 1292 1294 1295 1296 
1294,0.6: 171 1291 1293 1295 1296 1297 
1295,0.6: 1292 1293 1294 1296 1297 1298 
1296,0.6: 1293 1294 1295 1297 1298 1299 
1297,0.7: 1294 1295 1296 1298 1299 1300 
1298,1.2: 174 1295 1296 1297 1299 1301 
1299,0.1: 1296 1297 1298 1300 1301 1302 
1300,0.2: 834 922 1297 1299 1303 
1301,0.6: 1298 1299 1302 1303 1304 
1302,0.4: 1299 1301 1303 1304 1305 
1303,0.8: 1300 1301 1302 1304 1305 1306 
1304,1.4: 1301 1302 1303 1305 1306 
1305,0.4: 1302 1303 1304 1307 1308 
1306,1.1: 127 1303 1304 1307 1308 1309 
1307,0.5: 823 1305 1306 1308 1309 1310 
1308,0.7: 1305 1306 1307 1309 1310 1311 
1309,0.8: 1306 1307 1308 1310 1311 1312 
1310,1.5: 1307 1308 1309 1311 1312 1313 
1311,0.6: 1308 1309 1310 1312 1313 1314 
1312,1.4: 1309 1310 1311 1313 1314 1315 
1313,1.1: 1203 1310 1311 1312 1315 1316 
1314,0.4: 1311 1312 1315 1316 1317 
1315,1.3: 1312 1313 1314 1316 1317 1318 
1316,0.2: 1313 1314 1315 1317 1318 1319 
1317,0.9: 507 1314 1315 1316 1318 1319 1320 
1318,1.3: 1315 1316 1317 1319 1320 1321 
1319,1: 1316 1317 1318 1320 1321 1322 
1320,0.9: 1317 1318 1319 1321 1322 1323 
1321,0.4: 1318 1319 1320 1322 1323 1324 
1322,1.1: 1319 1320 1321 1323 1324 1325 1404 
1323,0.2: 1320 1321 1322 1324 1325 1326 
1324,0.6: 1321 1322 1323 1325 1326 1327 
1325,0.6: 1322 1323 1324 1327 1328 
1326,1.3: 123 1323 1324 1327 1328 1329 
1327,1.1: 1324 1325 1326 1328 1329 1330 
1328,0.3: 1325 1326 1327 1329 1330 1331 
1329,1.2: 1326 1327 1328 1330 1331 1332 
1330,0.9: 1327 1328 1329 1331 1332 1333 
1331,0.8: 1328 1329 1330 1332 1333 1334 
1332,1.4: 1329 1330 1331 1333 1334 1335 
1333,0.5: 1330 1331 1332 1334 1335 1336 
1334,1.1: 1331 1332 1333 1335 1336 1337 
1335,0.7: 1332 1333 1334 1336 1337 1338 
1336,0.3: 1333 1334 1335 1337 1338 1339 
1337,0.3: 1334 1335 1336 1338 1339 1340 
1338,0.9: 1227 1335 1336 1337 1339 1341 
1339,0.8: 1336 1337 1338 1340 1341 1342 
1340,0.4: 1337 1339 1341 1342 1343 
1341,1.3: 1338 1339 1340 1342 1343 1344 
1342,1.4: 1339 1340 1341 1343 1344 1345 
1343,0.5: 1340 1341 1342 1344 1345 1346 
1344,0.6: 1341 1342 1343 1345 1346 1347 
1345,1.3: 1342 1343 1344 1346 1347 1348 
1346,0.2: 1343 1344 1345 1347 1348 1433 
1347,0.4: 1344 1345 1346 1348 1349 1350 1351 
1348,0.5: 1345 1346 1347 1349 1350 1351 
1349,0.2: 1064 1347 1348 1350 1351 1352 
1350,1: 158 1347 1348 1349 1352 1353 
1351,1.2: 1347 1348 1349 1352 1353 1354 
1352,0.5: 1349 1350 1351 1353 1354 1355 
1353,0.9: 1350 1351 1352 1354 1355 1356 
1354,0.6: 1234 1351 1352 1353 1355 1356 1357 
1355,1.4: 1352 1353 1354 1356 1357 1358 
1356,1.4: 1231 1353 1354 1355 1357 1358 1359 
1357,0.5: 999 1354 1355 1356 1358 1359 1360 
1358,0.1: 1355 1356 1357 1359 1360 1361 
1359,1.1: 1356 1357 1358 1360 1361 1362 
1360,1: 877 1357 1358 1359 1361 1362 1363 1415 
1361,1: 1358 1359 1360 1362 1363 1364 
1362,1.4: 1359 1360 1361 1363 1364 1365 
1363,0.7: 1360 1361 1362 1364 1365 1366 
1364,0.9: 1361 1362 1363 1365 1366 1367 
1365,0.6: 1362 1363 1364 1366 1367 1368 1455 
1366,0.3: 1363 1364 1365 1367 1368 
1367,1.1: 1364 1365 1366 1368 1369 1370 
1368,0.9: 114 1365 1366 1367 1370 1371 
1369,0.6: 892 1367 1370 1371 1372 
1370,0.5: 523 1263 1367 1368 1369 1371 1372 1373 
1371,0.3: 1368 1369 1370 1372 1374 
1372,0.6: 1030 1369 1370 1371 1373 1374 1375 
1373,0.8: 1269 1370 1372 1374 1375 1376 
1374,0.6: 828 1371 1372 1373 1376 
1375,0.8: 1214 1372 1373 1376 1377 1378 
1376,0.8: 57 1373 1374 1375 1377 1378 1379 
1377,1.4: 1375 1376 1378 1379 1380 
1378,1.2: 1375 1376 1377 1379 1380 1381 
1379,0.4: 1376 1377 1378 1380 1381 1382 1428 
1380,0.5: 1377 1378 1379 1381 1382 1383 
1381,0.5: 1378 1379 1380 1382 1383 1384 
1382,1.2: 1379 1380 1381 1383 1384 1385 
1383,0.9: 1380 1381 1382 1384 1385 1386 
1384,0.8: 675 1381 1382 1383 1385 1386 1387 
1385,1.3: 1382 1383 1384 1386 1387 1388 
1386,0.8: 1383 1384 1385 1387 1388 1389 
1387,1: 1384 1385 1386 1388 1389 1390 
1388,0.8: 1385 1386 1387 1389 1390 1391 
1389,1: 1386 1387 1388 1390 1391 1392 
1390,0.7: 1387 1388 1389 1391 1392 1393 
1391,0.9: 1388 1389 1390 1392 1393 1394 
1392,0.5: 421 1389 1390 1391 1393 1394 1395 
1393,1.5: 972 1390 1391 1392 1394 1395 1396 
1394,1.3: 1391 1392 1393 1395 1396 1397 
1395,1.4: 1392 1393 1394 1397 1398 
1396,0.3: 1167 1393 1394 1397 1398 1399 
1397,1: 1394 1395 1396 1398 1399 1400 
1398,0.3: 1395 1396 1397 1399 1400 1401 
1399,1.4: 1396 1397 1398 1400 1401 1402 
1400,0.8: 1397 1398 1399 1401 1402 1403 
1401,1.5: 674 1398 1399 1400 1402 1403 1404 
1402,0.2: 1399 1400 1401 1404 1405 
1403,0.3: 860 1400 1401 1404 1405 1406 
1404,0.9: 642 1322 1401 1402 1403 1405 
1405,1.2: 1402 1403 1404 1406 1407 1408 
1406,1.3: 1403 1405 1407 1408 1409 
1407,1.2: 1405 1406 1408 1409 1410 
1408,0.9: 688 1405 1406 1407 1409 1410 1411 
1409,1.2: 1406 1407 1408 1410 1411 1412 
1410,0.5: 1407 1408 1409 1411 1412 1413 
1411,0.6: 1408 1409 1410 1412 1413 1414 
1412,1.4: 598 1041 1409 1410 1411 1415 
1413,1.4: 1410 1411 1414 1416 
1414,1.1: 1411 1413 1415 1416 1417 
1415,1.2: 1360 1412 1414 1416 1417 1418 
1416,0.6: 1413 1414 1415 1417 1418 1419 
1417,1: 1414 1415 1416 1418 1419 1420 
1418,0.4: 1060 1415 1416 1417 1419 1420 1421 
1419,1.1: 1416 1417 1418 1420 1421 1422 
1420,0.2: 1417 1418 1419 1421 1422 1423 
1421,1.2: 1418 1419 1420 1422 1423 1424 
1422,0.4: 1419 1420 1421 1424 1425 
1423,0.5: 9 1420 1421 1424 1425 1426 
1424,0.2: 1421 1422 1423 1425 1426 1427 
1425,0.3: 1422 1423 1424 1426 1427 
1426,0.7: 404 1423 1424 1425 1427 1428 1429 
1427,0.5: 23 1424 1425 1426 1428 1429 1430 
1428,0.8: 735 1379 1426 1427 1429 1431 
1429,0.5: 1221 1426 1427 1428 1430 1431 1432 
1430,1.2: 1427 1429 1431 1432 1433 
1431,0.2: 1428 1429 1430 1432 1433 1434 
1432,0.5: 1429 1430 1431 1433 1434 1435 
1433,0.9: 1346 1430 1431 1432 1434 1435 1436 
1434,0.5: 1431 1432 1433 1435 1436 1437 
1435,1.1: 1432 1433 1434 1436 1437 1438 
1436,0.7: 236 1433 1434 1435 1437 1438 1439 
1437,0.3: 999 1434 1435 1436 1439 1440 
1438,0.4: 1435 1436 1439 1440 1441 
1439,0.2: 1436 1437 1438 1440 1441 1442 
1440,1.3: 881 947 1437 1438 1439 1442 1443 
1441,1.2: 1438 1439 1442 1443 
1442,0.3: 174 1439 1440 1441 1443 1445 
1443,1: 625 1440 1441 1442 1444 1445 1446 
1444,0.9: 485 1443 1445 1446 1447 
1445,0.8: 1442 1443 1444 1446 1447 1448 
1446,1.3: 1443 1444 1445 1447 1448 1449 
1447,0.5: 1444 1445 1446 1448 1449 1450 
1448,1.1: 1445 1446 1447 1449 1450 1451 
1449,0.1: 1446 1447 1448 1450 1451 1452 
1450,0.7: 1447 1448 1449 1451 1452 1453 
1451,1: 1448 1449 1450 1452 1453 1454 
1452,1.1: 1449 1450 1451 1453 1454 1455 
1453,0.9: 1450 1451 1452 1454 1456 
1454,1.3: 1230 1451 1452 1453 1455 1456 1457 
1455,1.2: 1365 1452 1454 1456 1457 1458 
1456,0.1: 1453 1454 1455 1458 1459 
1457,1: 402 1072 1454 1455 1458 1459 1460 
1458,0.5: 1455 1456 1457 1459 1460 1461 
1459,1: 1456 1457 1458 1460 1461 1462 
1460,0.7: 1457 1458 1459 1461 1462 1463 1471 
1461,0.5: 1458 1459 1460 1462 1463 1464 
1462,0.2: 1459 1460 1461 1463 1464 1465 
1463,0.6: 1128 1460 1461 1462 1464 1465 
1464,0.1: 1461 1462 1463 1465 1466 1467 
1465,1.4: 1462 1463 1464 1466 1467 1468 
1466,0.5: 721 888 1464 1465 1467 1468 1469 
1467,0.6: 1464 1465 1466 1468 1469 1470 
1468,1.2: 1465 1466 1467 1469 1470 1471 
1469,1.4: 1466 1467 1468 1470 1472 
1470,1.3: 1467 1468 1469 1471 1472 1473 
1471,1.4: 1460 1468 1470 1472 1473 1474 
1472,1.1: 1469 1470 1471 1473 1474 1475 
1473,1.3: 1470 1471 1472 1474 1475 1476 
1474,0.6: 1471 1472 1473 1475 1476 1477 
1475,0.2: 1472 1473 1474 1476 1477 1478 
1476,1.2: 1473 1474 1475 1477 1478 1479 
1477,0.5: 1474 1475 1476 1478 1479 1480 
1478,0.4: 1475 1476 1477 1479 1480 1481 
1479,0.2: 1476 1477 1478 1480 1481 1482 
1480,1.3: 1477 1478 1479 1481 1482 1483 
1481,1: 1478 1479 1480 1482 1483 1484 
1482,0.7: 1479 1480 1481 1483 1484 1485 
1483,0.8: 1480 1481 1482 1484 1485 1486 
1484,0.6: 1481 1482 1483 1485 1486 1487 
1485,0.6: 1482 1483 1484 1486 1487 1488 
1486,0.6: 1483 1484 1485 1488 
1487,0.9: 862 1484 1485 1488 1489 1490 
1488,0.6: 1485 1486 1487 1489 1490 1491 
1489,0.8: 889 1487 1488 1490 1491 1492 
1490,1: 1239 1487 1488 1489 1491 1492 1493 
1491,0.6: 1488 1489 1490 1492 1493 1494 
1492,0.6: 1489 1490 1491 1493 1494 1495 
1493,0.6: 1490 1491 1492 1494 1495 1496 
1494,1.1: 1491 1492 1493 1495 1496 1497 
1495,1: 1492 1493 1494 1496 1497 1498 
1496,1.2: 1493 1494 1495 1497 1498 1499 
1497,0.7: 0 1494 1495 1496 1498 1499 
1498,1.1: 0 1 1495 1496 1497 1499 
1499,0.3: 0 1 2 1496 1497 1498 
