500 
0,1.3: 2 3 497 498 499 
1,0.6: 2 3 4 80 498 499 
2,1.3: 0 1 3 4 5 17 106 
3,0.7: 0 1 2 4 5 6 82 272 
4,0.7: 1 2 3 5 6 7 
5,0.5: 2 3 4 6 7 8 
6,0.5: 3 4 5 7 8 9 
7,1.4: 4 5 6 8 9 10 472 
8,1: 5 6 7 9 10 11 
9,0.3: 6 7 8 10 11 12 124 
10,1.4: 7 8 9 11 12 13 271 
11,1.3: 8 9 10 12 13 
12,0.7: 9 10 11 13 14 15 106 
13,0.8: 10 11 12 14 15 16 
14,0.6: 12 13 15 16 17 68 
15,0.5: 12 13 14 16 17 18 
16,1.5: 13 14 15 18 19 
17,1.1: 2 14 15 18 19 20 474 
18,0.4: 15 16 17 19 20 21 
19,1.2: 16 17 18 20 21 453 
20,0.2: 17 18 19 21 22 23 
21,1.1: 18 19 20 22 23 24 
22,1.2: 20 21 23 24 25 
23,0.2: 20 21 22 24 26 
24,0.6: 21 22 23 25 26 27 208 
25,1.5: 22 24 26 27 28 413 492 
26,1.3: 23 24 25 27 28 29 
27,0.4: 24 25 26 28 29 30 445 
28,1.2: 25 26 27 30 
29,0.6: 26 27 30 31 32 346 349 
30,0.4: 27 28 29 32 33 41 
31,0.1: 29 32 33 34 62 220 
32,1: 29 30 31 33 34 35 
33,0.1: 30 31 32 34 35 36 123 
34,0.1: 31 32 33 35 36 
35,0.3: 32 33 34 36 37 37 38 
36,0.6: 33 34 35 37 38 39 124 234 
37,0.6: 35 35 36 38 39 77 118 
38,0.2: 35 36 37 39 40 41 
39,0.2: 36 37 38 40 41 42 
40,1.4: 38 39 41 42 43 
41,1.5: 30 38 39 40 42 43 44 
42,0.6: 39 40 41 43 44 117 445 
43,1.2: 40 41 42 44 45 46 
44,0.6: 41 42 43 45 46 47 
45,1.5: 43 44 46 47 48 
46,0.4: 43 44 45 47 48 49 
47,1.2: 44 45 46 48 49 361 
48,0.4: 45 46 47 49 50 221 
49,1.4: 46 47 48 50 51 422 461 
50,1.4: 48 49 51 52 53 
51,0.4: 49 50 52 53 54 311 
52,0.3: 50 51 53 54 55 
53,0.6: 50 51 52 54 56 
54,0.1: 51 52 53 55 56 57 
55,0.5: 52 54 56 57 58 299 479 
56,0.5: 53 54 55 57 58 59 
57,0.2: 54 55 56 58 59 60 
58,0.6: 55 56 57 59 60 61 
59,1.3: 56 57 58 60 61 62 
60,1.4: 57 58 59 62 326 
61,0.2: 58 59 62 63 64 
62,1.2: 31 59 60 61 64 65 
63,0.8: 61 64 65 66 458 
64,0.4: 61 62 63 65 66 67 
65,0.4: 62 63 64 66 68 
66,0.6: 63 64 65 67 68 229 
67,0.6: 64 66 69 70 431 
68,0.5: 14 65 66 69 70 
69,1.2: 67 68 70 71 72 89 
70,1: 67 68 69 72 73 281 
71,0.6: 69 72 73 74 422 446 
72,0.8: 69 70 71 73 74 75 
73,1.1: 70 71 72 74 75 76 
74,0.7: 71 72 73 75 76 77 322 
75,1.1: 72 73 74 77 78 443 
76,0.6: 73 74 77 78 271 
77,0.4: 37 74 75 76 78 80 
78,0.6: 75 76 77 79 80 81 
79,0.6: 78 81 82 235 275 457 457 
80,0.3: 1 77 78 81 82 83 375 394 
81,1.4: 78 79 80 82 83 84 
82,1: 3 79 80 81 83 84 
83,0.7: 80 81 82 84 85 86 
84,1.2: 81 82 83 85 86 87 
85,1.5: 83 84 86 87 88 
86,0.5: 83 84 85 87 88 234 422 
87,1.2: 84 85 86 88 89 90 
88,0.2: 85 86 87 89 90 91 
89,0.9: 69 87 88 90 91 92 
90,1: 87 88 89 91 92 93 
91,1: 88 89 90 93 94 383 
92,0.4: 89 90 93 94 95 221 396 
93,0.2: 90 91 92 96 468 
94,0.7: 91 92 95 96 97 99 
95,0.4: 92 94 97 98 126 
96,1: 93 94 97 98 99 
97,1: 94 95 96 98 99 100 
98,0.9: 95 96 97 99 100 101 
99,0.2: 94 96 97 98 100 101 102 
100,0.4: 97 98 99 101 102 103 
101,1.4: 98 99 100 102 104 176 
102,1.1: 99 100 101 103 104 105 
103,0.2: 100 102 104 105 397 
104,1.4: 101 102 103 105 106 107 240 
105,1.2: 102 103 104 106 107 108 
106,0.2: 2 12 104 105 107 109 169 255 
107,1.5: 104 105 106 108 109 110 228 
108,0.5: 105 107 110 111 340 
109,1.2: 106 107 110 111 112 
110,0.9: 107 108 109 111 113 452 
111,1.5: 108 109 110 112 113 114 
112,0.3: 109 111 113 114 115 
113,1.1: 110 111 112 115 116 
114,0.9: 111 112 115 116 117 396 
115,1.1: 112 113 114 117 118 
116,1.2: 113 114 117 119 194 291 435 
117,0.7: 42 114 115 116 119 120 
118,0.5: 37 115 119 120 121 446 
119,0.2: 116 117 118 120 121 122 
120,1: 117 118 119 121 122 123 
121,0.7: 118 119 120 122 123 124 
122,1.1: 119 120 121 125 461 
123,1.3: 33 120 121 124 125 126 
124,1: 9 36 121 123 125 
125,1.1: 122 123 124 126 128 306 
126,0.7: 95 123 125 127 128 129 
127,0.7: 126 128 129 130 
128,0.3: 125 126 127 129 130 131 
129,1: 126 127 128 130 131 467 
130,1.2: 127 128 129 131 132 133 
131,1.3: 128 129 130 132 133 141 
132,0.6: 130 131 133 134 135 
133,0.9: 130 131 132 134 135 402 
134,1: 132 133 135 136 137 266 306 
135,0.2: 132 133 134 136 138 424 439 
136,0.9: 134 135 137 138 139 259 
137,1.3: 134 136 138 139 140 
138,0.6: 135 136 137 140 141 288 
139,1.3: 136 137 140 141 142 
140,0.2: 137 138 139 141 142 143 317 
141,1.5: 131 138 139 140 142 144 432 
142,0.9: 139 140 141 143 144 145 381 
143,1.3: 140 142 144 145 146 
144,1.1: 141 142 143 146 172 
145,0.6: 142 143 146 147 148 299 
146,1.2: 143 144 145 147 148 149 
147,1.2: 145 146 148 149 296 
148,0.2: 145 146 147 149 150 151 
149,0.9: 146 147 148 150 151 152 
150,1.3: 148 149 151 152 153 242 
151,1.1: 148 149 150 153 154 338 414 
152,0.8: 149 150 153 154 155 391 418 
153,0.9: 150 151 152 154 155 156 
154,0.6: 151 152 153 155 157 
155,0.7: 152 153 154 156 157 158 
156,0.8: 153 155 157 158 159 243 
157,1.3: 154 155 156 158 159 160 
158,0.4: 155 156 157 159 160 161 
159,0.9: 156 157 158 160 161 
160,0.5: 157 158 159 161 162 163 
161,1.2: 158 159 160 162 163 164 
162,1.4: 160 161 163 164 308 
163,1.5: 160 161 162 164 165 166 
164,1.2: 161 162 163 165 166 167 
165,1.3: 163 164 166 167 168 
166,0.2: 163 164 165 167 168 169 
167,1.3: 164 165 166 168 169 170 
168,1.4: 165 166 167 170 171 
169,1: 106 166 167 170 171 172 
170,0.7: 167 168 169 171 172 173 
171,1.2: 168 169 170 172 173 174 
172,0.6: 144 169 170 171 173 174 175 
173,1: 170 171 172 175 176 
174,0.8: 171 172 175 176 177 247 331 
175,0.8: 172 173 174 177 178 
176,0.3: 101 173 174 177 178 179 
177,1.4: 174 175 176 178 179 180 
178,0.3: 175 176 177 179 180 181 
179,1.4: 176 177 178 180 181 182 
180,0.8: 177 178 179 181 182 183 
181,1.5: 178 179 180 182 183 184 
182,0.5: 179 180 181 183 184 185 
183,1.2: 180 181 182 184 185 186 
184,1.1: 181 182 183 185 187 
185,0.6: 182 183 184 186 187 188 444 
186,1.2: 183 185 187 188 189 480 
187,1.3: 184 185 186 188 189 190 
188,0.8: 185 186 187 189 190 191 
189,0.2: 186 187 188 190 191 192 
190,0.4: 187 188 189 191 192 193 
191,0.6: 188 189 190 192 193 194 
192,1: 189 190 191 193 194 195 248 
193,0.8: 190 191 192 194 195 196 
194,1: 116 191 192 193 195 197 
195,0.4: 192 193 194 196 197 198 
196,1.1: 193 195 197 198 441 
197,0.8: 194 195 196 198 199 200 
198,0.6: 195 196 197 199 200 201 
199,1.3: 197 198 200 201 202 
200,0.6: 197 198 199 201 202 203 
201,0.7: 198 199 200 202 203 204 
202,0.6: 199 200 201 203 205 
203,0.2: 200 201 202 204 205 206 
204,1.4: 201 203 205 206 207 319 
205,0.6: 202 203 204 206 207 208 
206,0.8: 203 204 205 207 209 
207,1.1: 204 205 206 208 209 210 
208,0.4: 24 205 207 209 336 480 
209,0.4: 206 207 208 210 211 212 
210,0.8: 207 209 211 212 213 
211,1.4: 209 210 212 214 453 
212,0.1: 209 210 211 213 214 215 
213,0.4: 210 212 214 215 216 
214,1.3: 211 212 213 215 216 217 
215,1.5: 212 213 214 216 217 218 
216,1.2: 213 214 215 217 219 371 
217,1.1: 214 215 216 218 219 220 264 
218,0.5: 215 217 219 220 
219,1.1: 216 217 218 220 221 222 
220,0.8: 31 217 218 219 221 222 223 
221,0.2: 48 92 219 220 222 224 498 
222,0.4: 219 220 221 223 224 225 
223,0.9: 220 222 224 225 226 261 
224,0.9: 221 222 223 226 227 
225,0.4: 222 223 226 227 228 280 439 
226,0.4: 223 224 225 227 228 229 
227,1: 224 225 226 228 229 230 
228,0.9: 107 225 226 227 229 231 
229,0.2: 66 226 227 228 231 232 
230,0.4: 227 231 232 233 
231,0.2: 228 229 230 232 233 234 
232,1.1: 229 230 231 233 234 235 
233,1.4: 230 231 232 234 235 236 
234,1.1: 36 86 231 232 233 236 237 
235,0.6: 79 232 233 236 237 
236,0.2: 233 234 235 237 238 239 
237,1.4: 234 235 236 238 239 240 
238,0.7: 236 237 239 241 
239,0.7: 236 237 238 240 241 242 
240,0.5: 104 237 239 242 243 288 
241,0.4: 238 239 242 243 244 
242,1.5: 150 239 240 241 243 244 245 
243,1.5: 156 240 241 242 244 245 246 295 321 
244,1: 241 242 243 245 246 247 
245,1.1: 242 243 244 246 247 248 
246,1: 243 244 245 247 248 249 
247,1.5: 174 244 245 246 248 249 250 
248,0.6: 192 245 246 247 250 251 
249,0.1: 246 247 250 251 252 
250,0.9: 247 248 249 251 252 253 311 
251,1.2: 248 249 250 252 253 254 441 
252,0.5: 249 250 251 253 254 255 
253,0.7: 250 251 252 254 255 256 
254,1.5: 251 252 253 255 256 257 
255,1: 106 252 253 254 256 257 258 
256,1.1: 253 254 255 257 258 259 
257,0.7: 254 255 256 258 260 326 
258,0.8: 255 256 257 259 260 261 
259,0.6: 136 256 258 261 262 397 
260,0.8: 257 258 261 262 263 
261,0.9: 223 258 259 260 262 264 
262,0.1: 259 260 261 263 264 265 
263,1.1: 260 262 265 266 
264,0.5: 217 261 262 265 266 267 
265,0.6: 262 263 264 266 267 268 295 
266,0.8: 134 263 264 265 267 268 269 
267,0.7: 264 265 266 268 269 270 
268,0.7: 265 266 267 269 270 
269,0.8: 266 267 268 270 271 
270,1.2: 267 268 269 271 272 273 
271,1.4: 10 76 269 270 272 274 
272,0.9: 3 270 271 273 274 275 
273,1.4: 270 272 274 275 276 440 
274,0.1: 271 272 273 275 276 277 359 
275,0.1: 79 272 273 274 276 278 400 
276,1.5: 273 274 275 277 278 279 434 
277,0.8: 274 276 278 279 280 
278,1.4: 275 276 277 279 280 281 
279,0.6: 276 277 278 281 282 
280,1.5: 225 277 278 282 283 
281,0.2: 70 278 279 282 283 284 
282,1: 279 280 281 283 284 285 489 
283,1.2: 280 281 282 284 285 286 
284,0.1: 281 282 283 285 286 363 
285,0.1: 282 283 284 286 287 288 480 
286,0.9: 283 284 285 287 288 289 
287,0.8: 285 286 288 289 290 
288,0.8: 138 240 285 286 287 289 290 291 
289,0.5: 286 287 288 290 291 292 
290,0.3: 287 288 289 291 292 293 
291,0.4: 116 288 289 290 292 293 488 
292,1.3: 289 290 291 293 294 
293,0.8: 290 291 292 294 296 
294,0.2: 292 293 295 296 297 346 
295,0.6: 243 265 294 296 297 298 466 
296,1: 147 293 294 295 298 299 
297,1.1: 294 295 298 299 300 
298,0.7: 295 296 297 299 300 301 
299,0.8: 55 145 296 297 298 300 301 302 486 
300,0.9: 297 298 299 301 302 303 
301,0.6: 298 299 300 302 303 304 
302,1.5: 299 300 301 303 304 305 
303,1.2: 300 301 302 304 305 306 
304,0.2: 301 302 303 305 306 424 432 
305,1.3: 302 303 304 306 307 308 
306,0.5: 125 134 303 304 305 307 308 476 
307,0.8: 305 306 308 309 310 
308,0.3: 162 305 306 307 309 311 
309,0.6: 307 308 310 312 
310,0.3: 307 309 311 312 412 430 
311,0.7: 51 250 308 310 312 313 314 
312,1.3: 309 310 311 313 314 315 
313,1.2: 311 312 314 315 
314,1: 311 312 313 315 316 317 
315,1.2: 312 313 314 316 318 
316,0.6: 314 315 317 318 319 330 351 
317,1.2: 140 314 316 318 319 397 
318,1.2: 315 316 317 319 320 321 
319,0.6: 204 316 317 318 320 321 322 452 
320,0.7: 318 319 321 322 323 
321,0.5: 243 318 319 320 323 324 351 
322,0.4: 74 319 320 323 324 325 
323,0.6: 320 321 322 324 325 326 
324,0.6: 321 322 323 325 326 327 327 
325,0.4: 322 323 324 326 327 328 
326,0.5: 60 257 323 324 325 327 328 329 
327,0.9: 324 324 325 326 328 329 
328,0.9: 325 326 327 329 330 331 
329,0.9: 326 327 328 330 332 
330,0.1: 316 328 329 331 332 333 
331,0.9: 174 328 330 332 333 334 
332,0.6: 329 330 331 333 334 335 
333,0.6: 330 331 332 334 335 336 
334,1.4: 331 332 333 335 336 337 
335,0.5: 332 333 334 336 337 453 
336,0.5: 208 333 334 335 337 338 339 
337,1.4: 334 335 336 338 339 340 
338,0.5: 151 336 337 339 340 341 
339,0.9: 336 337 338 340 341 342 
340,0.4: 108 337 338 339 341 342 343 
341,0.7: 338 339 340 342 343 344 
342,0.7: 339 340 341 343 344 345 
343,0.2: 340 341 342 344 345 
344,0.3: 341 342 343 345 347 
345,1: 342 343 344 346 347 348 493 
346,1: 29 294 345 347 348 349 
347,1: 344 345 346 348 349 350 
348,0.4: 345 346 347 349 350 
349,1.4: 29 346 347 348 350 352 
350,0.4: 347 348 349 352 353 368 
351,1.2: 316 321 352 353 354 
352,0.2: 349 350 351 353 354 355 
353,0.8: 350 351 352 354 355 356 
354,0.5: 351 352 353 356 357 
355,0.5: 352 353 356 357 358 410 
356,0.9: 353 354 355 357 358 359 
357,0.3: 354 355 356 358 359 360 
358,1.3: 355 356 357 359 360 361 
359,1: 274 356 357 358 360 362 
360,0.5: 357 358 359 361 362 363 
361,0.4: 47 358 360 362 363 364 
362,0.7: 359 360 361 363 364 365 
363,1.1: 284 360 361 362 364 365 366 
364,0.4: 361 362 363 365 367 
365,1: 362 363 364 366 367 368 
366,0.2: 363 365 367 368 369 419 
367,0.7: 364 365 366 368 369 370 
368,0.9: 350 365 366 367 369 370 371 
369,1.1: 366 367 368 370 372 395 
370,1.5: 367 368 369 371 372 373 454 
371,1.2: 216 368 370 372 373 374 
372,0.6: 369 370 371 373 374 375 
373,0.8: 370 371 372 375 376 
374,0.9: 371 372 375 377 
375,0.5: 80 372 373 374 376 377 378 
376,1.2: 373 375 377 378 379 484 
377,1.1: 374 375 376 378 379 380 
378,0.5: 375 376 377 379 380 381 
379,0.9: 376 377 378 380 381 382 
380,1.5: 377 378 379 382 383 472 
381,1.1: 142 378 379 382 384 
382,1.4: 379 380 381 383 385 
383,0.4: 91 380 382 384 386 
384,1.3: 381 383 385 386 387 440 
385,0.2: 382 384 386 387 388 
386,0.3: 383 384 385 387 388 389 
387,0.5: 384 385 386 388 389 390 
388,1: 385 386 387 389 390 391 
389,0.2: 386 387 388 390 391 392 
390,0.1: 387 388 389 391 392 393 
391,1.3: 152 388 389 390 393 394 
392,0.3: 389 390 393 394 395 
393,1.5: 390 391 392 394 395 396 
394,0.8: 80 391 392 393 395 396 
395,0.3: 369 392 393 394 396 397 398 
396,1.1: 92 114 393 394 395 399 
397,0.6: 103 259 317 395 398 399 400 
398,1.1: 395 397 399 400 401 
399,1.3: 396 397 398 400 401 402 
400,0.4: 275 397 398 399 401 402 403 
401,1.2: 398 399 400 403 404 
402,0.8: 133 399 400 403 404 405 427 464 
403,0.6: 400 401 402 404 405 406 
404,1: 401 402 403 405 406 407 
405,0.3: 402 403 404 406 407 408 
406,0.5: 403 404 405 407 408 409 
407,0.4: 404 405 406 408 409 410 
408,1: 405 406 407 409 410 411 
409,1: 406 407 408 410 411 412 
410,0.5: 355 407 408 409 411 412 413 
411,0.2: 408 409 410 412 413 414 
412,0.2: 310 409 410 411 413 414 415 
413,0.9: 25 410 411 412 415 416 
414,0.8: 151 411 412 415 416 417 
415,0.6: 412 413 414 416 417 418 
416,1.4: 413 414 415 417 418 419 
417,0.3: 414 415 416 419 420 
418,1.4: 152 415 416 419 420 435 
419,1.4: 366 416 417 418 420 421 
420,1.2: 417 418 419 421 422 423 
421,1.1: 419 420 422 423 424 
422,1.4: 49 71 86 420 421 423 424 
423,0.4: 420 421 422 424 425 426 
424,1: 135 304 421 422 423 425 426 427 
425,0.9: 423 424 426 428 
426,0.1: 423 424 425 427 428 
427,1.5: 402 424 426 429 430 
428,1.2: 425 426 429 430 431 431 
429,1.3: 427 428 430 431 432 434 
430,0.2: 310 427 428 429 431 433 
431,1.4: 67 428 428 429 430 432 433 434 
432,1.1: 141 304 429 431 433 435 
433,1.2: 430 431 432 434 435 436 
434,1: 276 429 431 433 436 
435,1: 116 418 432 433 436 437 438 
436,0.6: 433 434 435 437 438 439 
437,0.1: 435 436 438 440 
438,0.2: 435 436 437 439 440 441 
439,0.9: 135 225 436 438 440 441 442 
440,0.2: 273 384 437 438 439 443 
441,1.1: 196 251 438 439 442 443 444 
442,0.6: 439 441 443 444 
443,1: 75 440 441 442 444 445 446 477 
444,0.3: 185 441 442 443 445 447 
445,0.3: 27 42 443 444 446 447 448 
446,0.7: 71 118 443 445 447 448 449 
447,0.5: 444 445 446 448 449 450 
448,1.4: 445 446 447 449 450 451 
449,0.6: 446 447 448 450 451 469 
450,0.7: 447 448 449 451 452 453 
451,0.8: 448 449 450 452 453 454 
452,1.3: 110 319 450 451 454 455 
453,0.4: 19 211 335 450 451 454 462 
454,1: 370 451 452 453 456 
455,1.2: 452 456 457 458 
456,1.3: 454 455 457 458 459 
457,1.5: 79 79 455 456 458 459 460 
458,1: 63 455 456 457 459 460 461 
459,1.3: 456 457 458 460 461 462 
460,1.4: 457 458 459 461 462 463 
461,0.9: 49 122 458 459 460 462 463 464 
462,1.5: 453 459 460 461 463 464 465 
463,0.5: 460 461 462 464 465 466 
464,0.4: 402 461 462 463 465 
465,0.7: 462 463 464 466 467 468 
466,1.3: 295 463 465 467 468 469 
467,1.4: 129 465 466 468 469 470 
468,1.4: 93 465 466 467 469 470 471 
469,0.4: 449 466 467 468 470 471 472 
470,1: 467 468 469 471 473 
471,0.2: 468 469 470 472 473 474 
472,0.9: 7 380 469 471 473 474 475 
473,0.7: 470 471 472 474 475 476 
474,0.6: 17 471 472 473 475 477 
475,0.2: 472 473 474 476 477 478 
476,0.3: 306 473 475 477 479 
477,0.8: 443 474 475 476 478 479 480 
478,0.7: 475 477 479 480 481 
479,0.2: 55 476 477 478 480 481 482 
480,0.7: 186 208 285 477 478 479 481 482 
481,1: 478 479 480 482 483 484 
482,1.3: 479 480 481 483 484 485 
483,1.4: 481 482 484 485 486 
484,1.3: 376 481 482 483 485 486 487 
485,0.5: 482 483 484 486 487 488 
486,0.9: 299 483 484 485 487 489 
487,0.6: 484 485 486 488 490 
488,1.1: 291 485 487 489 490 491 
489,0.6: 282 486 488 490 491 492 
490,0.2: 487 488 489 491 492 493 
491,0.6: 488 489 490 492 493 494 
492,1.2: 25 489 490 491 494 495 
493,1.2: 345 490 491 494 495 496 
494,1.3: 491 492 493 495 496 497 
495,0.5: 492 493 494 496 497 498 
496,1: 493 494 495 497 498 499 
497,0.3: 0 494 495 496 498 499 
498,0.3: 0 1 221 495 496 497 499 
499,1.4: 0 1 496 497 498 
