250 
0,0.3: 1 2 5 112 134 245 246 247 248 249 
1,1.4: 0 2 3 4 5 6 246 247 248 249 
2,1.4: 0 1 3 4 6 59 150 232 247 249 
3,0.5: 1 2 4 5 6 7 8 181 248 
4,1.4: 1 2 3 5 7 9 34 241 249 
5,1.3: 0 1 3 4 6 7 8 10 44 205 
6,0.7: 1 2 3 5 7 8 9 10 11 165 
7,0.9: 3 4 5 6 8 9 10 11 12 244 
8,1: 3 5 6 7 10 11 12 13 135 
9,0.4: 4 6 7 10 11 13 14 205 
10,0.3: 5 6 7 8 9 11 12 13 14 15 
11,0.9: 6 7 8 9 10 12 15 16 185 
12,0.2: 7 8 10 11 13 14 15 16 17 
13,0.1: 8 9 10 12 14 17 18 18 91 
14,1.2: 9 10 12 13 15 17 18 19 122 123 
15,0.4: 10 11 12 14 16 17 18 19 20 41 
16,0.2: 11 12 15 17 18 19 20 21 68 223 
17,0.8: 12 13 14 15 16 18 19 20 22 185 
18,0.5: 13 13 14 15 16 17 19 20 21 22 23 
19,1.1: 14 15 16 17 18 20 21 22 23 24 72 
20,0.9: 15 16 17 18 19 22 23 24 25 131 
21,1.3: 16 18 19 23 24 25 26 77 197 210 220 
22,0.9: 17 18 19 20 24 25 26 27 33 216 
23,0.4: 18 19 20 21 24 25 26 27 28 
24,0.3: 19 20 21 22 23 26 27 28 
25,1.5: 20 21 22 23 26 27 28 29 30 46 
26,0.8: 21 22 23 24 25 27 28 29 30 31 
27,0.3: 22 23 24 25 26 28 29 30 31 32 
28,0.5: 23 24 25 26 27 29 30 31 32 33 
29,0.7: 25 26 27 28 30 32 33 34 85 116 
30,1.1: 25 26 27 28 29 31 32 33 34 35 
31,1: 26 27 28 30 32 33 34 35 36 162 
32,1.3: 27 28 29 30 31 33 34 36 37 201 
33,1: 22 28 29 30 31 32 34 35 36 37 38 67 
34,1.2: 4 29 30 31 32 33 35 36 37 38 
35,0.3: 30 31 33 34 36 37 38 39 40 
36,1.3: 31 32 33 34 35 37 38 39 40 150 
37,1: 32 33 34 35 36 38 39 40 41 42 239 
38,1.4: 33 34 35 36 37 39 40 41 42 43 
39,1: 35 36 37 38 40 41 42 43 44 
40,1.1: 35 36 37 38 39 41 42 43 44 45 
41,0.7: 15 37 38 39 40 42 43 44 45 
42,0.2: 37 38 39 40 41 45 46 47 80 
43,0.3: 38 39 40 41 45 46 47 48 104 197 
44,0.3: 5 39 40 41 45 47 48 49 135 230 
45,0.1: 40 41 42 43 44 46 47 48 49 50 
46,1.3: 25 42 43 45 47 48 49 50 143 
47,0.5: 42 43 44 45 46 48 49 51 52 
48,1.3: 43 44 45 46 47 49 50 51 53 
49,0.7: 44 45 46 47 48 50 51 52 53 54 
50,0.8: 45 46 48 49 51 53 54 55 116 182 
51,0.1: 47 48 49 50 52 54 55 56 
52,0.6: 47 49 51 53 54 56 57 89 203 
53,1: 48 49 50 52 54 55 56 57 58 126 
54,0.4: 49 50 51 52 53 56 57 58 59 
55,0.2: 50 51 53 56 57 58 60 210 
56,0.1: 51 52 53 54 55 57 58 59 60 200 
57,1.3: 52 53 54 55 56 58 59 59 60 61 62 
58,1.1: 53 54 55 56 57 59 60 61 62 63 
59,1: 2 54 56 57 57 58 60 63 64 77 205 
60,0.1: 55 56 57 58 59 61 62 63 64 65 126 
61,0.1: 57 58 60 62 63 64 65 175 219 
62,1.1: 57 58 60 61 63 64 65 66 67 
63,0.6: 58 59 60 61 62 64 65 66 67 68 
64,0.8: 59 60 61 62 63 65 66 69 211 
65,1: 60 61 62 63 64 66 67 68 69 70 127 
66,0.3: 62 63 64 65 67 69 70 71 115 160 
67,0.6: 33 62 63 65 66 69 70 71 72 84 139 222 
68,1: 16 63 65 69 70 71 72 73 
69,0.4: 64 65 66 67 68 70 71 72 73 74 
70,0.9: 65 66 67 68 69 71 75 121 208 
71,0.3: 66 67 68 69 70 72 74 75 76 206 
72,1.3: 19 67 68 69 71 73 74 75 76 77 114 
73,1.4: 68 69 72 74 75 76 77 78 
74,0.4: 69 71 72 73 75 76 77 79 176 232 
75,1.2: 70 71 72 73 74 76 77 78 79 80 
76,0.6: 71 72 73 74 75 77 78 79 80 
77,1.4: 21 59 72 73 74 75 76 78 80 81 82 
78,1.2: 73 75 76 77 79 80 81 82 83 
79,0.7: 74 75 76 78 80 81 82 83 84 151 
80,0.3: 42 75 76 77 78 79 81 82 83 84 87 
81,1.3: 77 78 79 80 82 83 84 85 86 
82,0.6: 77 78 79 80 81 84 85 86 87 
83,0.8: 78 79 80 81 84 85 86 87 88 156 
84,0.9: 67 79 80 81 82 83 85 86 89 
85,1: 29 81 82 83 84 86 87 88 89 90 110 
86,0.3: 81 82 83 84 85 87 88 89 90 91 207 
87,0.8: 80 82 83 85 86 88 89 90 91 92 
88,0.5: 83 85 86 87 89 90 91 92 93 107 131 
89,0.4: 52 84 85 86 87 88 90 91 92 93 94 100 
90,0.8: 85 86 87 88 89 91 92 93 94 95 193 
91,0.4: 13 86 87 88 89 90 92 93 94 96 242 
92,0.5: 87 88 89 90 91 93 94 95 96 97 136 
93,0.6: 88 89 90 91 92 94 95 96 97 98 
94,1.4: 89 90 91 92 93 95 96 97 98 99 
95,0.8: 90 92 93 94 96 97 98 99 100 
96,0.2: 91 92 93 94 95 97 98 100 101 180 
97,0.4: 92 93 94 95 96 98 99 100 101 102 150 
98,0.7: 93 94 95 96 97 99 100 101 102 103 
99,0.3: 94 95 97 98 100 101 102 103 104 121 
100,1: 89 95 96 97 98 99 101 102 104 105 
101,1.3: 96 97 98 99 100 102 103 104 105 106 142 
102,1.5: 97 98 99 100 101 103 104 105 106 107 
103,0.4: 98 99 101 102 104 106 108 217 242 
104,1.1: 43 99 100 101 102 103 105 106 107 108 109 
105,0.2: 100 101 102 104 106 107 108 109 110 237 
106,0.1: 101 102 103 104 105 107 108 109 110 111 215 
107,0.1: 88 102 104 105 106 109 110 111 112 
108,0.3: 103 104 105 106 109 110 111 112 113 
109,0.6: 104 105 106 107 108 110 111 112 113 114 
110,0.8: 85 105 106 107 108 109 111 112 113 114 171 
111,0.3: 106 107 108 109 110 112 113 115 116 
112,0.8: 0 107 108 109 110 111 113 114 115 117 248 
113,1.3: 108 109 110 111 112 114 115 118 
114,1.2: 72 109 110 112 113 116 117 118 228 
115,1.2: 66 111 112 113 116 117 118 119 120 204 
116,1.1: 29 50 111 114 115 117 118 119 120 121 132 
117,0.2: 112 114 115 116 118 119 120 121 122 218 
118,1.3: 113 114 115 116 117 119 120 121 122 123 
119,0.8: 115 116 117 118 120 121 122 123 124 125 
120,0.7: 115 116 117 118 119 121 122 123 124 125 225 
121,0.7: 70 99 116 117 118 119 120 122 123 124 125 126 
122,1.3: 14 117 118 119 120 121 123 124 125 126 127 
123,0.2: 14 118 119 120 121 122 124 126 127 128 
124,0.4: 119 120 121 122 123 125 126 127 128 129 
125,0.6: 119 120 121 122 124 126 127 128 129 130 
126,1.3: 53 60 121 122 123 124 125 128 129 131 
127,0.9: 65 122 123 124 125 128 129 130 131 132 
128,1.2: 123 124 125 126 127 129 130 131 132 133 
129,0.9: 124 125 126 127 128 130 131 132 133 134 178 
130,0.6: 125 127 128 129 131 132 134 135 155 163 
131,1.3: 20 88 126 127 128 129 130 132 133 136 150 196 
132,0.2: 116 127 128 129 130 131 133 134 135 136 137 
133,0.3: 128 129 131 132 134 136 137 138 167 
134,1.4: 0 129 130 132 133 135 136 138 139 140 
135,0.8: 8 44 130 132 134 136 137 138 139 140 
136,0.6: 92 131 132 133 134 135 138 140 141 
137,1.1: 132 133 135 138 139 140 141 
138,1.1: 133 134 135 136 137 139 140 141 142 143 182 
139,0.1: 67 134 135 137 138 140 141 142 143 144 
140,1.2: 134 135 136 137 138 139 141 142 143 144 145 213 
141,1.2: 136 137 138 139 140 142 143 144 145 
142,0.9: 101 138 139 140 141 143 144 145 146 147 230 
143,1: 46 138 139 140 141 142 144 145 146 147 148 
144,1.5: 139 140 141 142 143 145 146 147 148 149 154 
145,0.7: 140 141 142 143 144 146 147 149 150 202 
146,0.4: 142 143 144 145 147 148 149 150 151 207 
147,1.4: 142 143 144 145 146 148 149 150 151 152 
148,0.9: 143 144 146 147 149 151 152 153 
149,1.3: 144 145 146 147 148 150 151 152 153 154 
150,1: 2 36 97 131 145 146 147 149 151 153 154 155 
151,0.5: 79 146 147 148 149 150 152 153 154 155 156 
152,1.5: 147 148 149 151 153 154 155 156 157 245 
153,0.4: 148 149 150 151 152 155 156 157 158 185 
154,0.5: 144 149 150 151 152 155 156 157 158 159 
155,1.3: 130 150 151 152 153 154 156 157 158 159 160 
156,1.4: 83 151 152 153 154 155 157 158 160 161 
157,1: 152 153 154 155 156 158 159 159 159 160 161 162 
158,1.2: 153 154 155 156 157 159 160 161 162 163 189 
159,0.9: 154 155 157 157 157 158 160 161 162 
160,0.7: 66 155 156 157 158 159 161 162 164 165 
161,0.9: 156 157 158 159 160 162 163 164 165 166 
162,0.2: 31 157 158 159 160 161 163 164 165 166 167 
163,0.9: 130 158 161 162 164 166 167 168 191 195 
164,0.3: 160 161 162 163 165 166 167 169 217 
165,0.3: 6 160 161 162 164 166 167 168 169 170 
166,0.7: 161 162 163 164 165 167 168 169 170 
167,0.4: 133 162 163 164 165 166 168 169 170 171 172 232 
168,1.2: 163 165 166 167 169 170 171 172 173 
169,0.1: 164 165 166 167 168 170 171 172 173 174 177 
170,1.1: 165 166 167 168 169 171 172 173 174 175 
171,0.8: 110 167 168 169 170 172 173 174 175 176 
172,1.5: 167 168 169 170 171 173 174 175 176 177 
173,0.8: 168 169 170 171 172 174 175 176 177 178 192 
174,1.5: 169 170 171 172 173 175 176 178 179 
175,1.5: 61 170 171 172 173 174 176 177 178 180 
176,1.4: 74 171 172 173 174 175 177 178 179 180 181 238 
177,1.3: 169 172 173 175 176 178 179 180 181 182 231 
178,0.4: 129 173 174 175 176 177 179 180 181 183 
179,0.1: 174 176 177 178 180 181 182 183 198 
180,0.4: 96 175 176 177 178 179 181 183 184 185 
181,1.2: 3 176 177 178 179 180 183 184 186 
182,0.9: 50 138 177 179 183 184 185 186 187 
183,1: 178 179 180 181 182 184 186 187 188 221 
184,0.8: 180 181 182 183 186 187 188 189 
185,0.1: 11 17 153 180 182 186 187 188 189 190 244 
186,1.5: 181 182 183 184 185 187 188 189 190 191 
187,0.4: 182 183 184 185 186 188 190 191 192 
188,0.2: 183 184 185 186 187 189 190 191 192 193 
189,1.4: 158 184 185 186 188 190 191 192 194 
190,0.9: 185 186 187 188 189 191 193 195 232 
191,0.9: 163 186 187 188 189 190 192 193 194 195 243 
192,1.3: 173 187 188 189 191 193 194 195 196 197 
193,1.5: 90 188 190 191 192 194 195 198 
194,1.4: 189 191 192 193 195 196 197 198 199 
195,0.7: 163 190 191 192 193 194 196 197 198 199 200 221 
196,0.2: 131 192 194 195 197 198 199 200 201 222 
197,0.6: 21 43 192 194 195 196 199 200 201 202 
198,0.4: 179 193 194 195 196 199 200 201 202 203 
199,0.7: 194 195 196 197 198 200 201 202 203 204 
200,1.1: 56 195 196 197 198 199 201 202 203 204 205 
201,0.9: 32 196 197 198 199 200 202 204 206 
202,0.7: 145 197 198 199 200 201 203 204 205 206 207 208 
203,0.4: 52 198 199 200 202 204 205 206 207 211 
204,1.1: 115 199 200 201 202 203 205 206 207 209 
205,1.2: 5 9 59 200 202 203 204 206 207 208 210 
206,0.3: 71 201 202 203 204 205 207 208 209 210 211 
207,0.4: 86 146 202 203 204 205 206 208 209 210 211 
208,0.6: 70 202 205 206 207 209 210 211 212 246 
209,0.8: 204 206 207 208 210 211 212 213 214 
210,0.8: 21 55 205 206 207 208 209 212 214 
211,0.7: 64 203 206 207 208 209 212 213 214 215 216 
212,1.1: 208 209 210 211 213 214 215 217 
213,0.5: 140 209 211 212 214 215 216 217 218 
214,0.6: 209 210 211 212 213 215 216 217 218 219 
215,0.8: 106 211 212 213 214 216 217 218 220 
216,0.6: 22 211 213 214 215 218 219 220 221 245 
217,1.2: 103 164 212 213 214 215 218 219 220 221 222 239 
218,0.9: 117 213 214 215 216 217 219 220 222 223 
219,1.4: 61 214 216 217 218 220 221 222 223 224 231 
220,0.7: 21 215 216 217 218 219 221 223 224 225 
221,1.3: 183 195 216 217 219 220 222 224 225 226 
222,0.5: 67 196 217 218 219 221 223 224 225 226 227 
223,0.7: 16 218 219 220 222 224 225 226 227 228 
224,1.5: 219 220 221 222 223 225 226 227 228 229 
225,0.6: 120 220 221 222 223 224 226 227 229 230 
226,1: 221 222 223 224 225 227 228 229 230 231 
227,1.1: 222 223 224 225 226 228 229 230 
228,0.7: 114 223 224 226 227 229 230 231 232 233 
229,1.3: 224 225 226 227 228 230 231 233 234 237 
230,1.2: 44 142 225 226 227 228 229 232 233 234 235 
231,0.4: 177 219 226 228 229 232 233 234 235 236 
232,0.4: 2 74 167 190 228 230 231 234 235 236 237 
233,0.7: 228 229 230 231 234 235 236 237 238 248 
234,1.3: 229 230 231 232 233 235 236 238 239 
235,1.1: 230 231 232 233 234 236 237 238 240 
236,0.2: 231 232 233 234 235 237 238 239 240 241 
237,0.9: 105 229 232 233 235 236 238 239 240 241 242 
238,0.6: 176 233 234 235 236 237 239 240 241 242 
239,1.3: 37 217 234 236 237 238 240 241 242 243 244 
240,0.9: 235 236 237 238 239 241 242 243 244 245 
241,0.7: 4 236 237 238 239 240 242 243 244 245 246 
242,0.9: 91 103 237 238 239 240 241 243 245 246 247 
243,0.2: 191 239 240 241 242 244 246 247 
244,0.5: 7 185 239 240 241 243 245 246 247 248 249 
245,1.2: 0 152 216 240 241 242 244 246 247 248 249 
246,0.8: 0 1 208 241 242 243 244 245 247 248 249 
247,1.5: 0 1 2 242 243 244 245 246 248 249 
248,1.4: 0 1 3 112 233 244 245 246 247 249 
249,1.1: 0 1 2 4 244 245 246 247 248 
